# Arm joint positions collected at 50.0 Hz
# Timestamp: 20251029_213553
# Format: timestep, arm0.sh0, arm0.sh1, arm0.el0, arm0.el1, arm0.wr0, arm0.wr1, gripper_open_percentage

0, 0.000674, -3.118858, 3.138610, 1.569041, -0.001866, -1.569767, 0.006033
1, 0.000674, -3.118858, 3.138594, 1.569032, -0.001848, -1.569767, 0.006056
2, 0.000689, -3.118850, 3.138602, 1.569041, -0.001866, -1.569767, 0.006041
3, 0.000682, -3.118843, 3.138602, 1.569041, -0.001838, -1.569794, 0.006048
4, 0.000689, -3.118865, 3.138602, 1.569032, -0.001866, -1.569767, 0.006033
5, 0.000674, -3.118850, 3.138602, 1.569032, -0.001838, -1.569748, 0.006041
6, 0.000682, -3.118850, 3.138610, 1.569050, -0.001848, -1.569767, 0.006041
7, 0.000682, -3.118850, 3.138602, 1.569050, -0.001866, -1.569748, 0.006041
8, 0.000667, -3.118843, 3.138610, 1.569032, -0.001866, -1.569767, 0.006064
9, 0.000682, -3.118843, 3.138586, 1.569032, -0.001838, -1.569767, 0.006064
10, 0.000660, -3.118829, 3.138602, 1.569041, -0.001866, -1.569757, 0.006048
11, 0.000674, -3.118850, 3.138610, 1.569032, -0.001848, -1.569776, 0.006033
12, 0.000682, -3.118843, 3.138610, 1.569050, -0.001857, -1.569757, 0.006018
13, 0.000689, -3.118865, 3.138602, 1.569023, -0.001848, -1.569739, 0.006033
14, 0.000689, -3.118821, 3.138602, 1.569060, -0.001848, -1.569757, 0.006041
15, 0.000682, -3.118836, 3.138602, 1.569032, -0.001838, -1.569767, 0.006041
16, 0.000660, -3.118850, 3.138602, 1.569050, -0.001829, -1.569767, 0.006048
17, 0.000674, -3.118843, 3.138594, 1.569032, -0.001848, -1.569767, 0.006048
18, 0.000667, -3.118858, 3.138602, 1.569041, -0.001838, -1.569757, 0.006033
19, 0.000682, -3.118843, 3.138594, 1.569041, -0.001848, -1.569748, 0.006056
20, 0.000682, -3.118836, 3.138610, 1.569041, -0.001811, -1.569767, 0.006041
21, 0.000674, -3.118843, 3.138610, 1.569050, -0.001848, -1.569739, 0.006041
22, 0.000660, -3.118843, 3.138602, 1.569050, -0.001866, -1.569748, 0.006048
23, 0.000674, -3.118836, 3.138610, 1.569041, -0.001866, -1.569757, 0.006041
24, 0.000674, -3.118821, 3.138610, 1.569050, -0.001866, -1.569767, 0.006041
25, 0.000674, -3.118858, 3.138602, 1.569041, -0.001866, -1.569748, 0.006056
26, 0.000682, -3.118858, 3.138602, 1.569050, -0.001857, -1.569757, 0.006048
27, 0.000674, -3.118836, 3.138610, 1.569050, -0.001875, -1.569757, 0.006048
28, 0.000682, -3.118843, 3.138594, 1.569050, -0.001829, -1.569757, 0.006048
29, 0.000674, -3.118843, 3.138602, 1.569050, -0.001857, -1.569748, 0.006033
30, 0.000674, -3.118843, 3.138602, 1.569023, -0.001866, -1.569757, 0.006033
31, 0.000682, -3.118836, 3.138602, 1.569041, -0.001848, -1.569757, 0.006018
32, 0.000674, -3.118843, 3.138602, 1.569041, -0.001820, -1.569748, 0.006025
33, 0.000674, -3.118836, 3.138610, 1.569032, -0.001866, -1.569757, 0.006041
34, 0.000689, -3.118843, 3.138602, 1.569023, -0.001838, -1.569767, 0.006010
35, 0.000674, -3.118850, 3.138602, 1.569041, -0.001848, -1.569757, 0.006010
36, 0.000682, -3.118858, 3.138602, 1.569032, -0.001848, -1.569757, 0.006010
37, 0.000682, -3.118850, 3.138610, 1.569032, -0.001875, -1.569757, 0.006018
38, 0.000689, -3.118836, 3.138602, 1.569032, -0.001866, -1.569748, 0.006041
39, 0.000394, -3.114433, 3.136133, 1.568959, -0.001866, -1.569839, 0.005774
40, 0.000224, -3.105295, 3.128288, 1.568986, -0.001820, -1.569839, 0.005743
41, 0.000299, -3.087699, 3.113771, 1.568923, -0.001857, -1.569812, 0.006178
42, 0.000394, -3.060891, 3.091280, 1.568941, -0.001765, -1.569821, 0.005942
43, 0.000379, -3.035485, 3.069397, 1.568932, -0.001857, -1.569812, 0.005812
44, 0.000306, -2.997717, 3.038702, 1.569014, -0.001848, -1.569767, 0.006018
45, 0.000409, -2.943475, 2.998834, 1.569050, -0.001857, -1.569748, 0.006239
46, 0.000483, -2.881069, 2.956953, 1.569050, -0.001875, -1.569712, 0.006010
47, 0.000852, -2.821059, 2.916247, 1.566960, -0.003016, -1.567803, 0.006056
48, 0.000962, -2.781751, 2.889594, 1.557902, -0.009810, -1.558947, 0.006422
49, 0.000719, -2.738858, 2.861823, 1.536654, -0.022803, -1.538448, 0.006537
50, 0.000416, -2.713474, 2.847993, 1.514868, -0.032144, -1.516981, 0.006857
51, 0.000748, -2.689402, 2.839508, 1.478692, -0.044096, -1.480211, 0.006697
52, 0.000689, -2.677669, 2.841865, 1.433311, -0.054761, -1.434758, 0.006201
53, 0.000461, -2.677219, 2.850222, 1.386050, -0.064193, -1.388401, 0.006125
54, 0.000483, -2.680449, 2.861663, 1.332562, -0.074237, -1.334775, 0.006155
55, 0.000461, -2.683628, 2.875021, 1.263213, -0.085011, -1.265728, 0.005995
56, 0.000328, -2.685029, 2.885783, 1.195846, -0.093896, -1.198251, 0.005926
57, 0.000409, -2.685390, 2.895147, 1.121457, -0.103565, -1.123634, 0.005873
58, 0.000365, -2.685412, 2.903647, 1.028779, -0.114970, -1.030828, 0.005796
59, 0.000313, -2.684904, 2.909735, 0.927025, -0.125771, -0.929549, 0.005987
60, 0.000350, -2.683864, 2.913387, 0.831370, -0.135660, -0.833173, 0.005888
61, 0.000328, -2.681688, 2.915871, 0.715034, -0.147749, -0.717439, 0.005980
62, 0.000239, -2.679055, 2.916399, 0.619717, -0.157035, -0.621575, 0.006003
63, 0.000387, -2.675589, 2.916063, 0.521214, -0.168860, -0.522131, 0.005987
64, 0.000350, -2.671725, 2.915081, 0.431102, -0.181214, -0.432137, 0.006132
65, 0.000299, -2.667440, 2.913682, 0.349828, -0.192180, -0.350471, 0.006056
66, 0.000416, -2.664091, 2.912899, 0.295034, -0.201439, -0.294928, 0.006033
67, 0.000431, -2.660463, 2.912356, 0.237436, -0.211775, -0.235906, 0.006125
68, 0.000343, -2.657019, 2.912220, 0.186121, -0.220632, -0.183952, 0.006094
69, 0.000704, -2.647181, 2.913171, 0.163851, -0.235250, -0.160093, 0.005712
70, 0.003219, -2.596117, 2.919626, 0.147735, -0.301330, -0.143584, 0.009361
71, 0.004318, -2.498945, 2.915352, 0.133171, -0.381837, -0.124784, 0.006758
72, 0.004612, -2.400173, 2.899397, 0.119238, -0.435809, -0.108979, 0.005117
73, 0.003440, -2.284763, 2.870443, 0.102172, -0.504701, -0.089658, 0.005567
74, 0.000320, -2.209119, 2.844374, 0.088074, -0.555943, -0.076655, 0.005400
75, -0.002571, -2.160275, 2.824632, 0.079226, -0.590705, -0.067168, 0.005560
76, -0.007032, -2.094535, 2.795965, 0.067831, -0.636852, -0.055271, 0.006331
77, -0.010395, -2.019554, 2.761754, 0.057522, -0.686368, -0.045802, 0.005903
78, -0.011752, -1.953239, 2.730923, 0.052126, -0.725156, -0.038899, 0.006399
79, -0.012814, -1.879394, 2.695186, 0.046958, -0.763990, -0.033366, 0.006590
80, -0.013773, -1.818794, 2.664570, 0.044146, -0.791921, -0.030819, 0.006316
81, -0.014857, -1.763630, 2.635209, 0.040959, -0.815798, -0.029522, 0.006186
82, -0.015137, -1.713650, 2.607046, 0.040740, -0.835028, -0.028198, 0.006140
83, -0.015351, -1.662166, 2.576247, 0.040740, -0.851134, -0.028143, 0.005987
84, -0.015882, -1.620874, 2.550329, 0.040676, -0.863726, -0.028162, 0.006216
85, -0.016841, -1.571470, 2.516581, 0.040530, -0.872884, -0.028125, 0.005865
86, -0.017173, -1.550562, 2.501281, 0.040493, -0.876089, -0.028098, 0.006056
87, -0.017446, -1.505730, 2.465832, 0.040411, -0.880673, -0.028079, 0.005842
88, -0.017424, -1.472897, 2.437261, 0.040274, -0.882718, -0.028079, 0.005995
89, -0.017490, -1.445322, 2.411775, 0.039681, -0.882745, -0.028079, 0.005942
90, -0.017910, -1.409672, 2.377125, 0.037663, -0.882681, -0.028052, 0.006010
91, -0.018397, -1.374714, 2.341507, 0.036549, -0.882435, -0.028079, 0.006033
92, -0.018751, -1.340296, 2.305667, 0.036083, -0.880883, -0.028052, 0.006041
93, -0.018950, -1.314638, 2.278478, 0.036010, -0.878956, -0.028061, 0.006148
94, -0.019053, -1.285382, 2.246584, 0.035836, -0.873934, -0.028043, 0.006079
95, -0.019223, -1.256450, 2.214211, 0.035042, -0.867716, -0.028025, 0.006132
96, -0.019481, -1.227615, 2.181806, 0.033654, -0.861288, -0.028043, 0.005957
97, -0.019555, -1.191286, 2.139381, 0.033526, -0.853353, -0.028006, 0.006010
98, -0.019592, -1.167627, 2.111035, 0.033499, -0.847966, -0.028025, 0.005972
99, -0.019688, -1.140900, 2.077519, 0.033481, -0.839246, -0.027997, 0.006148
100, -0.019695, -1.107049, 2.033697, 0.033435, -0.825212, -0.028015, 0.005934
101, -0.019680, -1.084910, 2.004144, 0.033463, -0.817304, -0.027979, 0.006025
102, -0.019695, -1.059223, 1.968686, 0.033435, -0.806558, -0.027997, 0.006041
103, -0.019761, -1.030284, 1.927357, 0.033426, -0.792396, -0.027952, 0.005987
104, -0.019828, -1.004789, 1.890253, 0.033390, -0.780681, -0.027942, 0.006071
105, -0.019938, -0.975570, 1.846895, 0.033417, -0.764592, -0.027952, 0.005987
106, -0.020086, -0.946195, 1.802785, 0.033399, -0.749727, -0.027942, 0.006087
107, -0.020270, -0.920302, 1.763221, 0.033390, -0.734305, -0.027961, 0.005987
108, -0.020514, -0.894129, 1.723161, 0.033390, -0.720582, -0.027970, 0.006079
109, -0.020831, -0.868375, 1.682223, 0.033399, -0.703772, -0.027997, 0.006025
110, -0.020926, -0.839303, 1.634622, 0.033399, -0.686113, -0.028025, 0.006079
111, -0.020941, -0.813218, 1.591679, 0.033371, -0.667467, -0.028034, 0.005919
112, -0.020905, -0.787259, 1.547824, 0.033390, -0.651260, -0.028098, 0.006125
113, -0.020949, -0.760945, 1.502564, 0.033371, -0.631328, -0.028152, 0.005896
114, -0.021060, -0.730627, 1.449210, 0.033371, -0.609423, -0.028235, 0.006010
115, -0.021074, -0.711445, 1.414919, 0.033371, -0.595197, -0.028408, 0.006033
116, -0.021133, -0.668891, 1.336406, 0.033371, -0.560701, -0.028974, 0.006125
117, -0.021199, -0.645535, 1.291554, 0.033381, -0.540184, -0.029294, 0.005880
118, -0.021214, -0.613926, 1.229068, 0.033390, -0.511723, -0.030855, 0.006064
119, -0.021258, -0.589213, 1.179653, 0.033426, -0.489617, -0.033448, 0.006201
120, -0.021421, -0.554691, 1.110272, 0.033618, -0.457906, -0.036206, 0.006186
121, -0.021686, -0.522197, 1.045166, 0.034503, -0.427756, -0.037639, 0.006117
122, -0.021959, -0.482549, 0.965383, 0.037115, -0.391935, -0.039895, 0.006254
123, -0.022129, -0.447121, 0.894540, 0.039589, -0.362744, -0.041940, 0.006438
124, -0.022446, -0.413867, 0.828915, 0.040548, -0.337251, -0.042534, 0.006483
125, -0.022837, -0.384655, 0.771838, 0.040603, -0.314150, -0.042515, 0.006163
126, -0.023279, -0.361749, 0.726713, 0.040585, -0.296637, -0.042287, 0.006254
127, -0.023803, -0.343629, 0.691304, 0.040247, -0.283653, -0.038899, 0.006178
128, -0.024422, -0.334594, 0.673199, 0.035800, -0.276823, -0.033622, 0.006285
129, -0.024998, -0.330007, 0.663380, 0.029765, -0.271299, -0.028363, 0.005888
130, -0.025448, -0.328628, 0.659969, 0.026852, -0.269655, -0.024664, 0.006018
131, -0.025772, -0.326460, 0.654903, 0.023565, -0.266669, -0.022281, 0.005804
132, -0.025956, -0.323495, 0.647913, 0.022569, -0.265930, -0.020090, 0.006140
133, -0.026030, -0.323665, 0.645788, 0.022524, -0.265802, -0.019414, 0.005987
134, -0.026045, -0.325066, 0.645380, 0.022515, -0.265857, -0.019414, 0.006003
135, -0.026067, -0.327086, 0.645396, 0.022515, -0.265893, -0.019423, 0.005880
136, -0.026030, -0.328916, 0.645364, 0.022478, -0.266532, -0.019405, 0.005888
137, -0.026052, -0.331010, 0.645069, 0.022478, -0.269244, -0.019405, 0.006064
138, -0.025986, -0.333068, 0.644350, 0.022432, -0.269390, -0.019414, 0.005942
139, -0.025986, -0.335796, 0.644174, 0.022442, -0.269409, -0.019405, 0.005957
140, -0.026001, -0.337906, 0.643934, 0.022423, -0.269427, -0.019405, 0.006033
141, -0.025971, -0.339779, 0.643750, 0.022396, -0.269454, -0.019387, 0.006048
142, -0.025949, -0.342050, 0.643447, 0.022387, -0.269491, -0.019414, 0.006079
143, -0.025912, -0.343857, 0.643111, 0.022396, -0.269518, -0.019378, 0.006033
144, -0.025919, -0.344757, 0.643143, 0.022387, -0.269509, -0.019387, 0.005972
145, -0.025949, -0.345848, 0.643119, 0.022341, -0.269527, -0.019369, 0.006071
146, -0.025986, -0.346608, 0.643111, 0.022350, -0.269527, -0.019387, 0.006033
147, -0.025971, -0.347264, 0.643127, 0.022323, -0.269564, -0.019387, 0.006056
148, -0.025942, -0.347677, 0.643119, 0.022323, -0.269518, -0.019369, 0.006033
149, -0.025942, -0.347950, 0.643087, 0.022323, -0.269546, -0.019378, 0.006048
150, -0.025905, -0.348253, 0.643079, 0.022332, -0.269537, -0.019378, 0.006041
151, -0.025942, -0.348452, 0.643039, 0.022295, -0.269546, -0.019341, 0.006064
152, -0.025949, -0.348555, 0.643055, 0.022295, -0.269518, -0.019378, 0.006048
153, -0.025912, -0.348710, 0.643047, 0.022305, -0.269527, -0.019387, 0.006025
154, -0.025905, -0.348820, 0.643039, 0.022295, -0.269537, -0.019359, 0.006018
155, -0.025919, -0.348998, 0.642991, 0.022295, -0.269527, -0.019359, 0.006033
156, -0.025905, -0.349167, 0.642895, 0.022268, -0.269537, -0.019369, 0.006018
157, -0.025905, -0.349396, 0.642712, 0.022295, -0.269546, -0.019369, 0.006010
158, -0.025942, -0.349809, 0.642704, 0.022277, -0.269537, -0.019359, 0.005987
159, -0.025934, -0.350060, 0.642672, 0.022268, -0.269555, -0.019369, 0.006003
160, -0.025905, -0.350347, 0.642616, 0.022305, -0.269591, -0.019359, 0.005980
161, -0.025934, -0.350561, 0.642536, 0.022277, -0.269610, -0.019359, 0.006003
162, -0.025927, -0.350745, 0.642464, 0.022268, -0.269601, -0.019359, 0.006041
163, -0.025934, -0.350937, 0.642440, 0.022277, -0.269564, -0.019359, 0.006025
164, -0.025912, -0.351026, 0.642432, 0.022286, -0.269628, -0.019369, 0.006056
165, -0.025927, -0.351084, 0.642424, 0.022277, -0.269591, -0.019341, 0.006033
166, -0.025919, -0.351107, 0.642408, 0.022268, -0.269601, -0.019359, 0.006025
167, -0.025912, -0.351099, 0.642400, 0.022268, -0.269619, -0.019359, 0.005980
168, -0.025890, -0.351092, 0.642408, 0.022277, -0.269628, -0.019350, 0.005980
169, -0.025890, -0.351092, 0.642408, 0.022268, -0.269655, -0.019359, 0.006010
170, -0.025898, -0.351099, 0.642400, 0.022268, -0.269610, -0.019341, 0.006041
171, -0.025883, -0.351107, 0.642376, 0.022250, -0.269646, -0.019359, 0.005995
172, -0.025890, -0.351099, 0.642320, 0.022250, -0.269637, -0.019332, 0.005987
173, -0.025912, -0.351099, 0.642304, 0.022268, -0.269701, -0.019350, 0.006048
174, -0.025919, -0.351107, 0.642280, 0.022250, -0.269692, -0.019323, 0.006033
175, -0.025927, -0.351107, 0.642264, 0.022250, -0.269683, -0.019350, 0.006010
176, -0.025942, -0.351107, 0.642240, 0.022259, -0.269692, -0.019341, 0.006071
177, -0.025942, -0.351092, 0.642208, 0.022223, -0.269701, -0.019350, 0.006010
178, -0.025942, -0.351114, 0.642160, 0.022250, -0.269701, -0.019323, 0.006056
179, -0.025934, -0.351099, 0.642152, 0.022259, -0.269701, -0.019332, 0.006033
180, -0.025934, -0.351107, 0.642128, 0.022259, -0.269683, -0.019350, 0.006041
181, -0.025934, -0.351107, 0.642128, 0.022223, -0.269701, -0.019332, 0.006048
182, -0.025934, -0.351092, 0.642104, 0.022232, -0.269683, -0.019341, 0.006025
183, -0.025927, -0.351099, 0.642097, 0.022259, -0.269683, -0.019332, 0.006025
184, -0.025934, -0.351099, 0.642072, 0.022232, -0.269673, -0.019295, 0.006010
185, -0.025934, -0.351114, 0.642065, 0.022250, -0.269683, -0.019323, 0.005995
186, -0.025927, -0.351099, 0.642040, 0.022223, -0.269664, -0.019323, 0.006018
187, -0.025927, -0.351084, 0.642016, 0.022223, -0.269673, -0.019314, 0.006018
188, -0.025942, -0.351092, 0.642001, 0.022241, -0.269673, -0.019332, 0.006025
189, -0.025964, -0.351099, 0.641993, 0.022241, -0.269673, -0.019323, 0.006033
190, -0.025956, -0.351092, 0.641977, 0.022241, -0.269655, -0.019323, 0.006025
191, -0.025978, -0.351099, 0.641969, 0.022232, -0.269673, -0.019314, 0.006025
192, -0.025964, -0.351114, 0.641977, 0.022213, -0.269683, -0.019305, 0.006003
193, -0.025971, -0.351077, 0.641969, 0.022232, -0.269701, -0.019314, 0.006056
194, -0.025993, -0.351077, 0.641953, 0.022223, -0.269673, -0.019332, 0.006025
195, -0.026001, -0.351092, 0.641937, 0.022223, -0.269664, -0.019305, 0.006018
196, -0.026001, -0.351084, 0.641913, 0.022204, -0.269683, -0.019323, 0.005987
197, -0.026023, -0.351077, 0.641897, 0.022223, -0.269728, -0.019286, 0.006048
198, -0.026045, -0.351084, 0.642080, 0.022204, -0.269920, -0.019286, 0.019765
199, -0.026067, -0.351018, 0.642001, 0.022213, -0.270185, -0.019268, 0.046680
200, -0.026096, -0.351011, 0.642040, 0.022204, -0.270084, -0.019295, 0.084915
201, -0.026111, -0.350996, 0.642048, 0.022204, -0.270103, -0.019286, 0.151096
202, -0.026141, -0.351011, 0.642016, 0.022195, -0.270103, -0.019286, 0.215291
203, -0.026141, -0.351018, 0.641984, 0.022213, -0.270103, -0.019305, 0.290968
204, -0.026163, -0.351026, 0.641809, 0.022204, -0.270194, -0.019314, 0.362629
205, -0.026163, -0.351063, 0.641633, 0.022213, -0.270221, -0.019277, 0.431603
206, -0.026192, -0.351092, 0.641577, 0.022204, -0.270167, -0.019295, 0.494264
207, -0.026251, -0.351099, 0.641577, 0.022204, -0.270249, -0.019295, 0.566200
208, -0.026310, -0.351077, 0.641545, 0.022177, -0.270577, -0.019268, 0.635732
209, -0.026325, -0.351040, 0.641553, 0.022177, -0.271911, -0.019268, 0.684806
210, -0.026347, -0.351040, 0.641449, 0.022177, -0.272230, -0.019268, 0.730583
211, -0.026392, -0.351040, 0.641505, 0.022149, -0.272339, -0.019250, 0.780718
212, -0.026421, -0.351055, 0.641537, 0.022158, -0.272321, -0.019241, 0.847959
213, -0.026428, -0.351048, 0.641489, 0.022158, -0.272339, -0.019259, 0.896308
214, -0.026436, -0.351048, 0.641489, 0.022158, -0.272339, -0.019259, 0.938574
215, -0.026421, -0.351084, 0.641465, 0.022158, -0.272385, -0.019268, 0.965939
216, -0.026414, -0.351077, 0.641433, 0.022149, -0.272358, -0.019259, 0.976572
217, -0.026414, -0.351070, 0.641433, 0.022168, -0.272339, -0.019259, 0.978435
218, -0.026421, -0.351048, 0.641481, 0.022149, -0.272495, -0.019241, 0.977419
219, -0.026421, -0.351011, 0.641473, 0.022158, -0.272367, -0.019241, 0.977404
220, -0.026428, -0.351003, 0.641473, 0.022140, -0.272358, -0.019259, 0.977259
221, -0.026428, -0.351026, 0.641481, 0.022131, -0.272312, -0.019250, 0.977244
222, -0.026421, -0.351018, 0.641465, 0.022140, -0.272330, -0.019259, 0.977267
223, -0.026428, -0.351033, 0.641465, 0.022149, -0.272339, -0.019259, 0.977267
224, -0.026436, -0.351048, 0.641457, 0.022140, -0.272321, -0.019277, 0.977267
225, -0.026443, -0.351055, 0.641449, 0.022122, -0.272294, -0.019286, 0.977259
226, -0.026458, -0.351033, 0.641457, 0.022122, -0.272321, -0.019241, 0.977274
227, -0.026465, -0.351026, 0.641457, 0.022122, -0.272312, -0.019250, 0.977282
228, -0.026473, -0.351011, 0.641465, 0.022122, -0.272294, -0.019250, 0.977259
229, -0.026480, -0.351026, 0.641457, 0.022113, -0.272312, -0.019250, 0.977267
230, -0.026465, -0.351026, 0.641465, 0.022122, -0.272312, -0.019222, 0.977251
231, -0.026480, -0.351040, 0.641449, 0.022113, -0.272321, -0.019232, 0.977236
232, -0.026473, -0.351033, 0.641449, 0.022113, -0.272294, -0.019259, 0.977236
233, -0.026473, -0.351040, 0.641449, 0.022113, -0.272330, -0.019259, 0.975618
234, -0.026473, -0.351040, 0.641449, 0.022131, -0.272349, -0.019250, 0.965183
235, -0.026473, -0.351063, 0.641441, 0.022113, -0.272349, -0.019259, 0.938787
236, -0.026480, -0.351070, 0.641409, 0.022113, -0.272367, -0.019222, 0.895713
237, -0.026487, -0.351084, 0.641353, 0.022122, -0.272321, -0.019222, 0.841708
238, -0.026487, -0.351070, 0.641289, 0.022113, -0.272349, -0.019232, 0.772230
239, -0.026495, -0.351070, 0.641314, 0.022085, -0.272979, -0.019232, 0.686890
240, -0.026517, -0.351084, 0.641138, 0.022104, -0.272477, -0.019168, 0.600290
241, -0.026531, -0.351063, 0.641233, 0.022067, -0.272404, -0.019213, 0.525194
242, -0.026554, -0.351026, 0.641314, 0.022076, -0.272495, -0.019232, 0.443129
243, -0.026539, -0.351026, 0.641305, 0.022076, -0.272486, -0.019232, 0.360239
244, -0.026539, -0.351018, 0.641433, 0.022067, -0.272285, -0.019204, 0.271739
245, -0.026546, -0.350989, 0.641465, 0.022067, -0.272321, -0.019222, 0.197086
246, -0.026554, -0.350966, 0.641473, 0.022058, -0.272467, -0.019186, 0.141218
247, -0.026554, -0.350981, 0.641585, 0.022049, -0.272221, -0.019195, 0.085144
248, -0.026546, -0.350981, 0.641553, 0.022058, -0.272248, -0.019204, 0.048039
249, -0.026546, -0.350981, 0.641553, 0.022049, -0.272257, -0.019195, 0.016743
250, -0.026561, -0.350981, 0.641561, 0.022058, -0.272203, -0.019204, 0.006277
251, -0.026583, -0.350989, 0.641561, 0.022058, -0.272230, -0.019213, 0.006293
252, -0.026568, -0.351003, 0.641457, 0.022049, -0.272221, -0.019213, 0.006071
253, -0.026583, -0.351018, 0.641433, 0.022040, -0.272285, -0.019204, 0.006163
254, -0.026576, -0.351011, 0.641393, 0.022049, -0.272267, -0.019195, 0.006186
255, -0.026583, -0.351040, 0.641273, 0.022049, -0.272276, -0.019195, 0.006186
256, -0.026591, -0.351026, 0.641305, 0.022040, -0.272257, -0.019168, 0.006201
257, -0.026576, -0.351011, 0.641297, 0.022049, -0.272267, -0.019186, 0.006186
258, -0.026576, -0.351003, 0.641305, 0.022040, -0.272239, -0.019195, 0.006171
259, -0.026583, -0.351011, 0.641321, 0.022049, -0.272230, -0.019195, 0.006132
260, -0.026583, -0.351003, 0.641305, 0.022031, -0.272267, -0.019213, 0.006148
261, -0.026576, -0.351018, 0.641305, 0.022049, -0.272276, -0.019186, 0.006163
262, -0.026591, -0.351033, 0.641305, 0.022049, -0.272267, -0.019204, 0.006140
263, -0.026583, -0.351033, 0.641289, 0.022031, -0.272276, -0.019195, 0.006140
264, -0.026598, -0.351077, 0.641321, 0.022031, -0.272257, -0.019204, 0.006148
265, -0.026606, -0.351225, 0.641289, 0.022040, -0.272276, -0.019168, 0.006094
266, -0.026598, -0.351225, 0.640906, 0.022040, -0.272376, -0.019159, 0.006232
267, -0.026554, -0.351306, 0.641737, 0.022022, -0.272339, -0.019186, 0.006117
268, -0.026517, -0.351719, 0.642320, 0.022031, -0.272312, -0.019177, 0.006102
269, -0.026524, -0.352833, 0.643343, 0.022031, -0.272458, -0.019213, 0.006163
270, -0.026524, -0.354706, 0.645212, 0.022012, -0.270860, -0.019241, 0.006209
271, -0.026355, -0.357272, 0.646051, 0.022149, -0.261583, -0.021030, 0.006254
272, -0.025713, -0.371542, 0.663980, 0.023766, -0.261867, -0.027038, 0.006697
273, -0.025278, -0.395061, 0.701059, 0.026139, -0.272696, -0.031084, 0.006178
274, -0.024585, -0.438300, 0.771614, 0.032522, -0.293998, -0.036197, 0.005942
275, -0.024186, -0.482041, 0.844087, 0.035006, -0.320870, -0.037722, 0.006193
276, -0.023641, -0.527079, 0.917694, 0.036686, -0.348518, -0.037731, 0.006239
277, -0.023213, -0.577089, 0.998923, 0.037635, -0.381051, -0.037703, 0.006384
278, -0.022933, -0.624229, 1.075422, 0.037718, -0.412224, -0.037649, 0.006377
279, -0.022881, -0.658353, 1.129559, 0.037736, -0.434357, -0.037639, 0.006338
280, -0.022874, -0.700766, 1.197358, 0.037718, -0.461649, -0.037557, 0.006216
281, -0.022918, -0.730671, 1.245374, 0.037718, -0.480660, -0.037466, 0.006033
282, -0.022925, -0.768018, 1.307213, 0.037709, -0.505696, -0.037128, 0.006430
283, -0.022866, -0.799228, 1.359105, 0.037709, -0.525775, -0.036644, 0.006285
284, -0.022763, -0.829569, 1.409135, 0.037690, -0.543544, -0.036315, 0.005942
285, -0.022542, -0.858803, 1.457990, 0.037690, -0.562837, -0.035695, 0.006399
286, -0.022269, -0.891061, 1.511472, 0.037699, -0.580962, -0.034124, 0.006033
287, -0.022099, -0.918864, 1.557036, 0.037690, -0.597781, -0.033631, 0.006087
288, -0.022033, -0.941918, 1.595298, 0.037663, -0.611276, -0.033622, 0.005987
289, -0.022070, -0.972435, 1.644601, 0.037599, -0.629191, -0.033549, 0.005987
290, -0.022121, -1.001551, 1.692202, 0.037562, -0.647389, -0.033503, 0.006308
291, -0.022121, -1.026176, 1.732341, 0.037471, -0.660939, -0.033439, 0.005949
292, -0.022107, -1.056546, 1.783131, 0.037380, -0.682132, -0.033385, 0.006270
293, -0.022055, -1.078899, 1.821456, 0.037279, -0.695043, -0.033247, 0.006010
294, -0.021981, -1.103310, 1.865039, 0.036914, -0.713761, -0.033129, 0.006186
295, -0.021849, -1.124572, 1.902613, 0.036667, -0.727421, -0.032928, 0.006102
296, -0.021797, -1.145930, 1.940140, 0.036421, -0.743044, -0.030992, 0.006216
297, -0.021642, -1.167243, 1.977291, 0.036110, -0.755945, -0.030042, 0.006140
298, -0.021531, -1.188439, 2.013923, 0.034905, -0.769523, -0.029933, 0.006132
299, -0.021266, -1.209487, 2.050155, 0.033453, -0.782096, -0.029915, 0.006186
300, -0.020809, -1.233190, 2.090542, 0.033381, -0.795591, -0.029878, 0.005980
301, -0.020506, -1.250897, 2.120710, 0.033335, -0.807069, -0.029860, 0.006163
302, -0.020514, -1.274607, 2.159739, 0.033289, -0.818820, -0.029650, 0.006087
303, -0.020543, -1.292093, 2.189004, 0.033252, -0.828791, -0.029595, 0.006102
304, -0.020366, -1.315730, 2.227242, 0.033271, -0.841309, -0.029531, 0.006079
305, -0.019843, -1.340038, 2.265320, 0.033243, -0.852111, -0.029449, 0.006132
306, -0.019503, -1.358320, 2.293778, 0.033243, -0.861571, -0.029248, 0.006102
307, -0.018943, -1.383719, 2.331409, 0.033225, -0.871012, -0.027760, 0.006125
308, -0.018655, -1.406522, 2.364166, 0.033225, -0.878600, -0.026673, 0.006102
309, -0.018559, -1.429982, 2.396515, 0.033225, -0.885083, -0.026728, 0.005987
310, -0.018544, -1.457512, 2.433267, 0.033207, -0.893017, -0.026719, 0.006254
311, -0.018574, -1.483266, 2.464130, 0.033189, -0.893355, -0.026710, 0.005903
312, -0.018552, -1.515575, 2.498349, 0.033180, -0.890872, -0.026691, 0.006056
313, -0.018611, -1.550488, 2.531202, 0.033033, -0.883704, -0.026664, 0.005942
314, -0.018891, -1.582842, 2.559301, 0.032230, -0.875824, -0.026655, 0.006186
315, -0.019260, -1.617216, 2.587200, 0.031052, -0.863333, -0.026573, 0.006056
316, -0.019629, -1.658567, 2.619518, 0.030303, -0.849381, -0.026527, 0.006079
317, -0.019975, -1.702684, 2.652378, 0.030267, -0.834005, -0.026491, 0.006125
318, -0.020293, -1.760156, 2.694778, 0.030249, -0.817241, -0.026500, 0.006171
319, -0.020314, -1.784007, 2.712291, 0.030249, -0.811150, -0.026481, 0.006132
320, -0.020263, -1.826708, 2.743522, 0.030258, -0.799856, -0.026399, 0.006300
321, -0.019983, -1.870529, 2.775265, 0.030258, -0.787109, -0.026436, 0.006163
322, -0.020543, -1.921903, 2.811090, 0.030212, -0.768354, -0.026417, 0.006109
323, -0.023043, -1.963999, 2.841010, 0.026824, -0.754393, -0.025641, 0.006201
324, -0.027018, -2.001021, 2.867639, 0.020259, -0.740085, -0.020437, 0.006262
325, -0.031532, -2.033574, 2.890505, 0.011329, -0.724024, -0.013287, 0.005919
326, -0.038435, -2.073812, 2.917517, -0.001655, -0.704922, -0.002924, 0.006033
327, -0.041628, -2.091290, 2.928423, -0.007444, -0.697216, 0.001532, 0.005903
328, -0.045478, -2.114152, 2.941270, -0.015442, -0.687108, 0.006910, 0.006041
329, -0.050161, -2.144116, 2.953758, -0.025587, -0.664838, 0.013722, 0.005842
330, -0.053074, -2.168085, 2.961651, -0.032462, -0.648795, 0.018862, 0.005934
331, -0.054711, -2.188108, 2.967244, -0.036379, -0.635537, 0.022487, 0.005995
332, -0.055751, -2.211589, 2.973252, -0.039255, -0.622681, 0.025199, 0.005957
333, -0.055854, -2.227644, 2.977199, -0.039255, -0.613760, 0.025692, 0.006346
334, -0.055751, -2.240684, 2.980107, -0.039274, -0.605076, 0.025692, 0.005964
335, -0.055685, -2.253199, 2.983710, -0.039274, -0.599059, 0.025656, 0.006079
336, -0.055316, -2.262897, 2.986962, -0.039283, -0.594046, 0.025656, 0.006155
337, -0.054416, -2.272278, 2.990517, -0.039265, -0.588879, 0.025628, 0.006186
338, -0.053664, -2.280294, 2.994104, -0.039255, -0.584149, 0.025555, 0.006132
339, -0.053177, -2.286334, 2.997548, -0.039246, -0.582176, 0.025482, 0.006079
340, -0.052344, -2.292264, 3.001471, -0.039146, -0.581373, 0.024779, 0.006102
341, -0.051400, -2.296548, 3.004507, -0.038954, -0.580862, 0.022268, 0.006094
342, -0.050670, -2.300140, 3.007623, -0.038196, -0.580633, 0.020652, 0.006087
343, -0.050212, -2.302382, 3.009764, -0.037219, -0.580606, 0.019474, 0.006102
344, -0.049667, -2.305354, 3.012752, -0.036608, -0.580670, 0.017575, 0.006056
345, -0.049209, -2.307493, 3.014893, -0.036571, -0.580706, 0.017374, 0.006087
346, -0.048604, -2.309543, 3.017082, -0.036443, -0.581838, 0.017374, 0.005919
347, -0.048243, -2.311092, 3.019040, -0.035841, -0.585701, 0.017328, 0.006148
348, -0.047749, -2.312862, 3.020502, -0.031649, -0.587153, 0.017319, 0.006010
349, -0.047587, -2.314174, 3.021820, -0.029184, -0.589791, 0.017301, 0.006087
350, -0.047565, -2.315082, 3.022699, -0.028910, -0.591526, 0.017237, 0.006102
351, -0.047262, -2.315989, 3.023658, -0.028874, -0.593544, 0.017109, 0.006094
352, -0.047034, -2.316652, 3.024361, -0.028874, -0.594877, 0.016990, 0.006079
353, -0.046805, -2.317147, 3.025112, -0.028718, -0.597133, 0.015201, 0.006094
354, -0.046518, -2.317707, 3.025943, -0.028490, -0.599826, 0.011411, 0.006079
355, -0.046422, -2.318024, 3.026478, -0.028399, -0.601926, 0.010087, 0.006132
356, -0.046318, -2.318540, 3.027117, -0.028280, -0.604154, 0.009823, 0.006056
357, -0.046186, -2.318924, 3.027764, -0.028207, -0.606766, 0.009795, 0.006171
358, -0.046061, -2.319248, 3.028140, -0.028143, -0.607633, 0.009777, 0.006094
359, -0.045861, -2.319425, 3.028611, -0.028025, -0.609249, 0.009795, 0.006064
360, -0.045655, -2.319565, 3.029114, -0.027924, -0.610957, 0.009768, 0.006094
361, -0.045389, -2.319728, 3.029506, -0.027723, -0.610957, 0.009768, 0.006094
362, -0.045220, -2.319816, 3.029873, -0.027614, -0.610966, 0.009750, 0.006087
363, -0.045161, -2.319897, 3.030401, -0.027422, -0.611285, 0.009741, 0.006033
364, -0.045043, -2.319956, 3.031112, -0.027221, -0.613933, 0.009713, 0.006064
365, -0.044910, -2.320060, 3.031599, -0.025988, -0.615915, 0.009704, 0.006087
366, -0.044711, -2.320185, 3.031911, -0.022436, -0.616271, 0.009676, 0.006155
367, -0.044755, -2.320185, 3.032262, -0.020994, -0.616280, 0.009649, 0.006071
368, -0.044578, -2.320296, 3.032718, -0.020948, -0.616335, 0.009604, 0.006094
369, -0.044268, -2.320384, 3.033157, -0.020921, -0.617293, 0.009604, 0.006010
370, -0.044150, -2.320487, 3.033732, -0.020921, -0.619877, 0.009622, 0.006178
371, -0.044076, -2.320768, 3.034076, -0.020921, -0.620088, 0.009585, 0.006125
372, -0.043981, -2.320827, 3.034220, -0.020912, -0.620078, 0.009540, 0.006094
373, -0.043914, -2.320930, 3.034427, -0.020912, -0.620088, 0.009540, 0.006071
374, -0.043921, -2.321630, 3.035011, -0.020893, -0.620069, 0.009521, 0.006048
375, -0.043914, -2.322066, 3.035346, -0.020903, -0.620078, 0.009503, 0.006109
376, -0.043907, -2.322788, 3.036049, -0.020893, -0.620060, 0.009503, 0.006071
377, -0.043914, -2.323415, 3.036848, -0.020903, -0.620106, 0.009503, 0.006064
378, -0.043907, -2.324013, 3.037687, -0.020903, -0.620133, 0.009476, 0.006087
379, -0.043907, -2.324647, 3.038486, -0.020884, -0.620106, 0.009449, 0.006033
380, -0.043929, -2.325347, 3.039197, -0.020884, -0.620151, 0.009467, 0.006056
381, -0.043921, -2.325746, 3.039573, -0.020912, -0.620142, 0.009449, 0.006056
382, -0.043892, -2.326100, 3.039876, -0.020884, -0.620188, 0.009449, 0.006056
383, -0.043914, -2.326387, 3.040100, -0.020866, -0.620206, 0.009449, 0.006064
384, -0.043900, -2.326579, 3.040284, -0.020884, -0.620216, 0.009439, 0.006079
385, -0.043870, -2.326741, 3.040452, -0.020875, -0.620234, 0.009412, 0.006079
386, -0.043863, -2.326822, 3.040555, -0.020884, -0.620270, 0.009403, 0.006071
387, -0.043848, -2.326867, 3.040643, -0.020875, -0.620398, 0.009412, 0.006071
388, -0.043848, -2.326948, 3.040723, -0.020857, -0.620453, 0.009393, 0.006094
389, -0.043833, -2.327022, 3.040931, -0.020884, -0.621832, 0.009393, 0.005949
390, -0.043833, -2.327147, 3.041274, -0.020848, -0.624863, 0.009366, 0.006094
391, -0.043782, -2.327435, 3.041274, -0.020857, -0.625347, 0.009375, 0.006125
392, -0.043789, -2.327538, 3.041322, -0.020857, -0.625356, 0.009330, 0.006094
393, -0.043752, -2.327589, 3.041522, -0.020838, -0.625329, 0.009339, 0.006102
394, -0.043700, -2.327619, 3.041794, -0.020848, -0.625347, 0.009302, 0.006087
395, -0.043730, -2.327715, 3.042033, -0.020857, -0.625338, 0.009311, 0.006079
396, -0.043700, -2.327811, 3.042121, -0.020848, -0.625365, 0.009266, 0.006079
397, -0.043686, -2.327870, 3.042113, -0.020848, -0.625338, 0.009275, 0.006064
398, -0.043634, -2.327943, 3.042129, -0.020838, -0.625365, 0.009211, 0.006079
399, -0.043619, -2.328010, 3.042161, -0.020848, -0.625383, 0.009229, 0.006087
400, -0.043575, -2.328091, 3.042233, -0.020838, -0.625374, 0.009165, 0.006102
401, -0.043545, -2.328165, 3.042369, -0.020829, -0.625393, 0.009156, 0.006041
402, -0.043501, -2.328238, 3.042473, -0.020829, -0.625411, 0.009101, 0.006056
403, -0.043457, -2.328312, 3.042593, -0.020811, -0.625420, 0.009056, 0.006033
404, -0.043450, -2.328341, 3.042649, -0.020811, -0.625456, 0.009047, 0.006025
405, -0.043368, -2.328408, 3.042681, -0.020820, -0.625456, 0.009028, 0.006056
406, -0.043309, -2.328423, 3.042689, -0.020802, -0.625438, 0.009037, 0.006087
407, -0.043273, -2.328460, 3.042705, -0.020793, -0.625493, 0.009010, 0.006064
408, -0.043228, -2.328445, 3.042728, -0.020802, -0.625484, 0.009037, 0.006056
409, -0.043221, -2.328489, 3.042808, -0.020811, -0.625712, 0.009010, 0.006102
410, -0.043154, -2.328504, 3.042840, -0.020802, -0.625794, 0.008992, 0.006071
411, -0.043125, -2.328526, 3.042864, -0.020784, -0.625849, 0.008965, 0.006064
412, -0.043096, -2.328548, 3.042864, -0.020775, -0.625877, 0.008974, 0.006079
413, -0.043088, -2.328563, 3.042896, -0.020793, -0.625922, 0.008946, 0.006079
414, -0.043051, -2.328592, 3.042936, -0.020775, -0.626013, 0.008955, 0.006109
415, -0.043044, -2.328592, 3.042952, -0.020775, -0.626013, 0.008928, 0.006064
416, -0.043000, -2.328629, 3.042984, -0.020766, -0.626214, 0.008910, 0.006079
417, -0.042970, -2.328637, 3.043088, -0.020756, -0.627319, 0.008892, 0.005934
418, -0.042956, -2.328696, 3.043288, -0.020747, -0.629429, 0.008873, 0.006079
419, -0.042926, -2.328814, 3.043216, -0.020747, -0.629410, 0.008818, 0.006117
420, -0.042911, -2.328858, 3.043232, -0.020747, -0.629419, 0.008791, 0.006094
421, -0.042897, -2.328895, 3.043336, -0.020756, -0.629374, 0.008773, 0.006079
422, -0.042889, -2.328932, 3.043463, -0.020747, -0.629383, 0.008736, 0.006087
423, -0.042882, -2.328954, 3.043456, -0.020729, -0.629365, 0.008727, 0.006041
424, -0.042860, -2.328990, 3.043440, -0.020729, -0.629401, 0.008700, 0.006087
425, -0.042815, -2.328990, 3.043472, -0.020720, -0.629392, 0.008654, 0.006056
426, -0.042815, -2.329035, 3.043495, -0.020729, -0.629401, 0.008572, 0.006048
427, -0.042801, -2.329035, 3.043495, -0.020702, -0.629401, 0.008544, 0.006033
428, -0.042793, -2.329072, 3.043511, -0.020711, -0.629392, 0.008544, 0.006071
429, -0.042779, -2.329079, 3.043511, -0.020711, -0.629392, 0.008544, 0.006056
430, -0.042771, -2.329079, 3.043527, -0.020702, -0.629410, 0.008508, 0.006079
431, -0.042749, -2.329094, 3.043535, -0.020702, -0.629410, 0.008508, 0.006071
432, -0.042734, -2.329101, 3.043559, -0.020711, -0.629401, 0.008490, 0.006064
433, -0.042749, -2.329116, 3.043567, -0.020693, -0.629392, 0.008490, 0.006094
434, -0.042742, -2.329094, 3.043575, -0.020683, -0.629392, 0.008453, 0.006079
435, -0.042734, -2.329131, 3.043599, -0.020693, -0.629419, 0.008444, 0.006071
436, -0.042734, -2.329138, 3.043591, -0.020693, -0.629401, 0.008380, 0.006079
437, -0.042697, -2.329123, 3.043591, -0.020693, -0.629419, 0.008325, 0.006056
438, -0.042705, -2.329123, 3.043599, -0.020693, -0.629401, 0.008316, 0.006071
439, -0.042690, -2.329123, 3.043607, -0.020702, -0.629419, 0.008280, 0.006071
440, -0.042690, -2.329116, 3.043631, -0.020683, -0.629392, 0.008271, 0.006071
441, -0.042653, -2.329116, 3.043647, -0.020674, -0.629383, 0.008234, 0.006109
442, -0.042609, -2.329116, 3.043655, -0.020693, -0.629392, 0.008234, 0.006079
443, -0.042594, -2.329145, 3.043663, -0.020674, -0.629438, 0.008197, 0.006048
444, -0.042542, -2.329138, 3.043663, -0.020665, -0.629410, 0.008188, 0.006079
445, -0.042498, -2.329116, 3.043671, -0.020665, -0.629392, 0.008188, 0.006041
446, -0.042469, -2.329131, 3.043671, -0.020674, -0.629401, 0.008170, 0.006071
447, -0.042439, -2.329131, 3.043671, -0.020647, -0.629419, 0.008179, 0.006048
448, -0.042447, -2.329138, 3.043671, -0.020665, -0.629392, 0.008161, 0.006025
449, -0.042403, -2.329153, 3.043687, -0.020665, -0.629410, 0.008143, 0.006064
450, -0.042366, -2.329153, 3.043687, -0.020647, -0.629429, 0.008134, 0.006087
451, -0.042336, -2.329160, 3.043695, -0.020647, -0.629429, 0.008143, 0.006102
452, -0.042292, -2.329138, 3.043703, -0.020656, -0.629429, 0.008124, 0.006079
453, -0.042269, -2.329153, 3.043703, -0.020647, -0.629410, 0.008124, 0.006033
454, -0.042233, -2.329153, 3.043695, -0.020647, -0.629401, 0.008070, 0.006071
455, -0.042189, -2.329131, 3.043719, -0.020647, -0.629456, 0.008070, 0.006056
456, -0.042151, -2.329160, 3.043711, -0.020656, -0.629419, 0.008051, 0.006071
457, -0.042115, -2.329160, 3.043719, -0.020638, -0.629401, 0.008051, 0.006071
458, -0.042048, -2.329153, 3.043719, -0.020629, -0.629401, 0.008006, 0.006056
459, -0.042004, -2.329153, 3.043727, -0.020638, -0.629429, 0.007987, 0.006056
460, -0.042004, -2.329160, 3.043735, -0.020629, -0.629419, 0.007978, 0.006079
461, -0.042004, -2.329168, 3.043735, -0.020619, -0.629438, 0.007969, 0.006048
462, -0.041997, -2.329145, 3.043751, -0.020638, -0.629447, 0.007942, 0.006087
463, -0.041960, -2.329153, 3.043759, -0.020638, -0.629447, 0.007942, 0.006041
464, -0.041982, -2.329160, 3.043759, -0.020601, -0.629438, 0.007942, 0.006079
465, -0.041967, -2.329153, 3.043759, -0.020629, -0.629447, 0.007914, 0.006056
466, -0.041975, -2.329168, 3.043775, -0.020629, -0.629419, 0.007887, 0.006064
467, -0.041945, -2.329175, 3.043775, -0.020619, -0.629429, 0.007878, 0.006087
468, -0.041938, -2.329160, 3.043775, -0.020601, -0.629456, 0.007869, 0.006087
469, -0.041923, -2.329168, 3.043783, -0.020610, -0.629447, 0.007860, 0.006071
470, -0.041894, -2.329168, 3.043791, -0.020583, -0.629465, 0.007850, 0.006056
471, -0.041879, -2.329175, 3.043799, -0.020601, -0.629465, 0.007823, 0.006079
472, -0.041871, -2.329168, 3.043807, -0.020619, -0.629410, 0.007823, 0.006094
473, -0.034401, -2.334529, 3.042705, 0.005102, -0.618992, -0.017113, 0.007247
474, -0.012807, -2.353873, 3.039980, 0.095945, -0.580652, -0.108111, 0.005636
475, -0.000830, -2.377163, 3.040875, 0.150392, -0.559632, -0.167306, 0.005873
476, -0.000918, -2.411051, 3.043256, 0.216837, -0.536166, -0.233605, 0.005972
477, -0.004481, -2.437173, 3.044926, 0.272791, -0.520598, -0.285834, 0.006254
478, -0.004481, -2.462388, 3.046188, 0.327640, -0.503258, -0.337770, 0.006262
479, -0.002231, -2.490567, 3.047634, 0.385256, -0.479336, -0.396582, 0.005964
480, -0.002128, -2.515030, 3.049432, 0.436653, -0.460024, -0.448655, 0.006178
481, -0.003079, -2.539714, 3.051573, 0.490616, -0.442027, -0.500637, 0.006132
482, -0.002976, -2.567628, 3.054217, 0.550706, -0.420679, -0.559768, 0.006201
483, -0.002512, -2.592083, 3.056598, 0.602149, -0.401139, -0.611960, 0.006224
484, -0.002320, -2.616582, 3.059051, 0.654962, -0.380969, -0.663403, 0.005942
485, -0.002364, -2.640846, 3.061759, 0.707729, -0.362918, -0.715330, 0.006155
486, -0.002253, -2.668937, 3.064676, 0.767162, -0.341478, -0.774690, 0.006209
487, -0.002150, -2.696652, 3.067216, 0.827252, -0.318587, -0.833976, 0.005995
488, -0.001841, -2.720878, 3.069509, 0.879654, -0.300207, -0.885821, 0.005987
489, -0.002416, -2.748040, 3.070436, 0.939735, -0.277088, -0.945208, 0.005308
490, -0.001022, -2.777562, 3.069014, 1.005924, -0.253923, -1.011571, 0.006346
491, -0.001309, -2.800712, 3.068327, 1.058089, -0.235004, -1.063663, 0.006628
492, -0.001309, -2.841030, 3.068599, 1.148520, -0.202644, -1.152341, 0.006033
493, -0.000889, -2.861223, 3.069190, 1.193152, -0.186665, -1.197010, 0.006064
494, -0.000793, -2.983491, 3.081565, 1.443364, -0.092024, -1.447075, 0.005980
495, -0.000203, -3.040050, 3.089291, 1.516375, -0.047776, -1.521163, 0.006102
496, 0.000047, -3.079196, 3.094045, 1.550798, -0.013782, -1.555623, 0.006483
497, 0.000571, -3.089816, 3.094764, 1.560595, -0.003044, -1.564434, 0.006445
498, 0.000992, -3.092692, 3.095251, 1.562896, 0.000526, -1.567146, 0.006270
499, 0.000011, -3.098245, 3.107883, 1.564375, 0.000134, -1.567128, 0.023315
500, 0.000247, -3.111122, 3.130836, 1.563243, -0.000076, -1.567155, 0.015017
501, 0.000615, -3.115185, 3.138235, 1.563672, 0.001850, -1.568507, 0.006430
502, 0.000793, -3.110251, 3.134376, 1.566056, 0.000042, -1.567895, 0.015743
503, 0.000070, -3.115451, 3.137284, 1.565151, 0.000992, -1.568205, 0.024437
504, 0.000697, -3.116328, 3.137955, 1.565809, 0.000828, -1.568616, 0.009201
505, 0.000416, -3.116675, 3.137963, 1.566028, 0.001120, -1.568634, 0.023842
506, 0.000468, -3.117766, 3.138211, 1.566056, 0.000892, -1.568589, 0.006094
507, 0.000623, -3.117567, 3.138211, 1.566065, 0.000883, -1.568534, 0.015063
508, 0.000601, -3.117752, 3.138371, 1.566110, 0.000809, -1.568507, 0.007254
509, 0.000667, -3.117715, 3.138155, 1.566138, 0.000901, -1.568507, 0.005812
510, 0.000490, -3.117929, 3.138347, 1.566165, 0.000855, -1.568470, 0.005758
511, 0.000711, -3.117826, 3.138315, 1.566183, 0.000855, -1.568470, 0.006254
512, 0.000542, -3.117973, 3.138323, 1.566156, 0.000892, -1.568470, 0.006094
513, 0.000630, -3.117936, 3.138291, 1.566202, 0.000846, -1.568479, 0.006132
514, 0.000660, -3.117966, 3.138355, 1.566193, 0.000864, -1.568497, 0.006056
515, 0.000601, -3.117966, 3.138331, 1.566193, 0.000864, -1.568497, 0.006109
516, 0.000638, -3.117995, 3.138339, 1.566193, 0.000846, -1.568470, 0.006102
517, 0.000615, -3.117988, 3.138347, 1.566202, 0.000855, -1.568497, 0.006102
518, 0.000638, -3.117980, 3.138355, 1.566183, 0.000864, -1.568497, 0.006109
519, 0.000601, -3.117988, 3.138339, 1.566193, 0.000864, -1.568470, 0.006102
520, 0.000645, -3.118010, 3.138355, 1.566183, 0.000864, -1.568497, 0.006117
521, 0.000608, -3.117995, 3.138355, 1.566202, 0.000883, -1.568479, 0.006094
522, 0.000652, -3.117995, 3.138363, 1.566202, 0.000883, -1.568488, 0.006094
523, 0.000608, -3.118002, 3.138355, 1.566202, 0.000873, -1.568479, 0.006102
524, 0.000638, -3.117995, 3.138371, 1.566211, 0.000883, -1.568470, 0.006125
525, 0.000630, -3.118002, 3.138371, 1.566220, 0.000855, -1.568488, 0.006102
526, 0.000638, -3.118002, 3.138363, 1.566202, 0.000892, -1.568479, 0.006109
527, 0.000638, -3.118010, 3.138363, 1.566193, 0.000855, -1.568470, 0.006094
528, 0.000645, -3.118002, 3.138379, 1.566193, 0.000855, -1.568497, 0.006125
529, 0.000615, -3.117995, 3.138363, 1.566202, 0.000855, -1.568488, 0.006094
530, 0.000638, -3.118010, 3.138386, 1.566202, 0.000883, -1.568488, 0.006102
531, 0.000593, -3.118002, 3.138371, 1.566202, 0.000873, -1.568497, 0.006109
532, 0.000652, -3.118024, 3.138371, 1.566211, 0.000846, -1.568497, 0.006125
533, 0.000638, -3.118017, 3.138395, 1.566202, 0.000864, -1.568479, 0.006117
534, 0.000623, -3.118010, 3.138386, 1.566211, 0.000837, -1.568507, 0.006094
535, 0.000630, -3.118017, 3.138386, 1.566211, 0.000883, -1.568488, 0.006102
536, 0.000630, -3.118017, 3.138395, 1.566202, 0.000855, -1.568507, 0.006117
537, 0.000615, -3.118024, 3.138386, 1.566220, 0.000864, -1.568488, 0.006102
538, 0.000630, -3.118017, 3.138386, 1.566202, 0.000883, -1.568479, 0.006102
539, 0.000638, -3.118017, 3.138386, 1.566211, 0.000846, -1.568497, 0.006117
540, 0.000630, -3.118032, 3.138395, 1.566211, 0.000883, -1.568488, 0.006102
541, 0.000638, -3.118024, 3.138395, 1.566193, 0.000873, -1.568479, 0.006109
542, 0.000608, -3.118032, 3.138395, 1.566211, 0.000883, -1.568479, 0.006079
543, 0.000638, -3.118039, 3.138395, 1.566220, 0.000846, -1.568507, 0.006079
544, 0.000615, -3.118032, 3.138411, 1.566211, 0.000901, -1.568479, 0.006125
545, 0.000623, -3.118032, 3.138402, 1.566202, 0.000873, -1.568479, 0.006109
546, 0.000608, -3.118017, 3.138395, 1.566193, 0.000864, -1.568479, 0.006102
547, 0.000623, -3.118039, 3.138395, 1.566202, 0.000873, -1.568525, 0.006117
548, 0.000645, -3.118039, 3.138402, 1.566202, 0.000883, -1.568507, 0.006102
549, 0.000608, -3.118024, 3.138402, 1.566229, 0.000883, -1.568479, 0.006117
550, 0.000630, -3.118024, 3.138402, 1.566211, 0.000855, -1.568488, 0.006132
551, 0.000645, -3.118032, 3.138402, 1.566229, 0.000873, -1.568497, 0.006094
552, 0.000645, -3.118024, 3.138411, 1.566202, 0.000855, -1.568488, 0.006109
553, 0.000630, -3.118039, 3.138411, 1.566211, 0.000901, -1.568488, 0.006117
554, 0.000630, -3.118039, 3.138411, 1.566211, 0.000846, -1.568488, 0.006117
555, 0.000638, -3.118032, 3.138402, 1.566211, 0.000883, -1.568488, 0.006102
556, 0.000615, -3.118017, 3.138418, 1.566202, 0.000846, -1.568479, 0.006094
557, 0.000645, -3.118032, 3.138418, 1.566193, 0.000873, -1.568461, 0.006117
558, 0.000623, -3.118054, 3.138402, 1.566229, 0.000873, -1.568497, 0.006094
559, 0.000645, -3.118054, 3.138411, 1.566193, 0.000855, -1.568507, 0.006102
560, 0.000615, -3.118039, 3.138418, 1.566220, 0.000864, -1.568507, 0.006125
561, 0.000615, -3.118062, 3.138418, 1.566202, 0.000883, -1.568488, 0.006109
562, 0.000630, -3.118054, 3.138411, 1.566202, 0.000846, -1.568488, 0.006102
