# Arm joint positions collected at 50.0 Hz
# Timestamp: 20251029_213355
# Format: timestep, arm0.sh0, arm0.sh1, arm0.el0, arm0.el1, arm0.wr0, arm0.wr1, gripper_open_percentage

0, 0.000674, -3.118091, 3.138490, 1.564659, 0.001403, -1.568342, 0.006010
1, 0.000682, -3.118084, 3.138490, 1.564640, 0.001412, -1.568342, 0.006018
2, 0.000674, -3.118091, 3.138498, 1.564640, 0.001412, -1.568342, 0.006018
3, 0.000674, -3.118076, 3.138498, 1.564649, 0.001375, -1.568342, 0.006018
4, 0.000674, -3.118098, 3.138490, 1.564649, 0.001385, -1.568315, 0.006010
5, 0.000674, -3.118098, 3.138483, 1.564640, 0.001385, -1.568360, 0.005995
6, 0.000689, -3.118091, 3.138498, 1.564659, 0.001394, -1.568333, 0.006010
7, 0.000660, -3.118091, 3.138490, 1.564631, 0.001394, -1.568315, 0.006018
8, 0.000660, -3.118091, 3.138483, 1.564668, 0.001357, -1.568351, 0.006010
9, 0.000667, -3.118106, 3.138498, 1.564649, 0.001375, -1.568351, 0.006010
10, 0.000697, -3.118076, 3.138498, 1.564631, 0.001385, -1.568351, 0.006025
11, 0.000674, -3.118084, 3.138490, 1.564640, 0.001403, -1.568333, 0.005987
12, 0.000667, -3.118091, 3.138498, 1.564659, 0.001430, -1.568351, 0.006010
13, 0.000682, -3.118091, 3.138490, 1.564649, 0.001385, -1.568370, 0.006010
14, 0.000689, -3.118091, 3.138498, 1.564649, 0.001403, -1.568333, 0.006003
15, 0.000674, -3.118098, 3.138506, 1.564677, 0.001394, -1.568342, 0.006025
16, 0.000674, -3.118084, 3.138498, 1.564649, 0.001385, -1.568342, 0.006003
17, 0.000674, -3.118091, 3.138490, 1.564649, 0.001394, -1.568342, 0.006025
18, 0.000697, -3.118098, 3.138498, 1.564649, 0.001394, -1.568333, 0.005987
19, 0.000682, -3.118091, 3.138506, 1.564640, 0.001375, -1.568324, 0.005995
20, 0.000674, -3.118098, 3.138490, 1.564622, 0.001394, -1.568370, 0.005987
21, 0.000682, -3.118069, 3.138498, 1.564640, 0.001375, -1.568342, 0.006003
22, 0.000689, -3.118098, 3.138498, 1.564649, 0.001421, -1.568342, 0.006003
23, 0.000667, -3.118076, 3.138490, 1.564640, 0.001366, -1.568360, 0.006010
24, 0.000660, -3.118084, 3.138490, 1.564659, 0.001366, -1.568324, 0.006010
25, 0.000660, -3.118091, 3.138498, 1.564649, 0.001394, -1.568360, 0.005987
26, 0.000667, -3.118091, 3.138498, 1.564640, 0.001385, -1.568351, 0.006018
27, 0.000689, -3.118106, 3.138490, 1.564659, 0.001403, -1.568324, 0.006003
28, 0.000689, -3.118084, 3.138506, 1.564659, 0.001385, -1.568342, 0.005972
29, 0.000674, -3.118098, 3.138498, 1.564640, 0.001394, -1.568342, 0.006018
30, 0.000660, -3.118098, 3.138498, 1.564622, 0.001421, -1.568342, 0.006003
31, 0.000689, -3.118091, 3.138498, 1.564649, 0.001403, -1.568351, 0.006018
32, 0.000674, -3.118106, 3.138498, 1.564640, 0.001375, -1.568333, 0.006003
33, 0.000652, -3.118091, 3.138498, 1.564640, 0.001394, -1.568324, 0.006010
34, 0.000697, -3.118098, 3.138498, 1.564640, 0.001385, -1.568379, 0.006018
35, 0.000652, -3.118106, 3.138490, 1.564640, 0.001412, -1.568342, 0.005995
36, 0.000689, -3.118098, 3.138490, 1.564659, 0.001366, -1.568342, 0.005987
37, 0.000667, -3.118069, 3.138506, 1.564659, 0.001403, -1.568360, 0.005995
38, 0.000674, -3.118091, 3.138498, 1.564631, 0.001394, -1.568342, 0.006003
39, 0.000660, -3.118091, 3.138490, 1.564631, 0.001385, -1.568342, 0.005995
40, 0.000674, -3.118091, 3.138506, 1.564631, 0.001394, -1.568351, 0.006010
41, 0.000667, -3.118076, 3.138506, 1.564649, 0.001394, -1.568351, 0.006010
42, 0.000682, -3.118091, 3.138498, 1.564640, 0.001394, -1.568360, 0.006018
43, 0.000660, -3.118091, 3.138506, 1.564649, 0.001412, -1.568351, 0.006018
44, 0.000682, -3.118076, 3.138498, 1.564649, 0.001385, -1.568342, 0.005995
45, 0.000682, -3.118098, 3.138506, 1.564649, 0.001375, -1.568370, 0.006003
46, 0.000674, -3.118091, 3.138498, 1.564640, 0.001385, -1.568333, 0.006003
47, 0.000674, -3.118113, 3.138498, 1.564659, 0.001375, -1.568351, 0.005980
48, 0.000667, -3.118098, 3.138490, 1.564659, 0.001385, -1.568360, 0.005987
49, 0.000660, -3.118084, 3.138490, 1.564649, 0.001403, -1.568333, 0.006010
50, 0.000697, -3.118091, 3.138506, 1.564649, 0.001385, -1.568360, 0.006018
51, 0.000667, -3.118098, 3.138498, 1.564659, 0.001385, -1.568351, 0.005980
52, 0.000682, -3.118091, 3.138490, 1.564640, 0.001421, -1.568360, 0.006003
53, 0.000667, -3.118091, 3.138506, 1.564649, 0.001394, -1.568333, 0.006018
54, 0.000682, -3.118106, 3.138498, 1.564640, 0.001385, -1.568333, 0.006010
55, 0.000660, -3.118084, 3.138506, 1.564649, 0.001394, -1.568351, 0.006018
56, 0.000674, -3.118106, 3.138498, 1.564640, 0.001403, -1.568379, 0.006033
57, 0.000689, -3.118076, 3.138498, 1.564649, 0.001394, -1.568351, 0.005987
58, 0.000674, -3.118084, 3.138506, 1.564649, 0.001375, -1.568342, 0.006003
59, 0.000674, -3.118098, 3.138498, 1.564640, 0.001394, -1.568370, 0.006010
60, 0.000667, -3.118076, 3.138498, 1.564649, 0.001394, -1.568342, 0.006010
61, 0.000674, -3.118091, 3.138506, 1.564649, 0.001394, -1.568351, 0.006010
62, 0.000682, -3.118084, 3.138506, 1.564640, 0.001403, -1.568333, 0.006010
63, 0.000682, -3.118091, 3.138498, 1.564659, 0.001412, -1.568351, 0.006010
64, 0.000689, -3.118091, 3.138506, 1.564659, 0.001412, -1.568360, 0.005987
65, 0.000667, -3.118098, 3.138506, 1.564659, 0.001412, -1.568342, 0.006003
66, 0.000697, -3.118098, 3.138498, 1.564659, 0.001394, -1.568342, 0.006010
67, 0.000689, -3.118106, 3.138506, 1.564640, 0.001412, -1.568351, 0.006003
68, 0.000674, -3.118084, 3.138506, 1.564649, 0.001385, -1.568351, 0.006003
69, 0.000674, -3.118091, 3.138506, 1.564649, 0.001412, -1.568342, 0.006003
70, 0.000689, -3.118091, 3.138498, 1.564640, 0.001375, -1.568342, 0.005995
71, 0.000674, -3.118084, 3.138506, 1.564640, 0.001385, -1.568351, 0.006018
72, 0.000660, -3.118084, 3.138506, 1.564640, 0.001375, -1.568360, 0.006018
73, 0.000689, -3.118098, 3.138506, 1.564659, 0.001412, -1.568351, 0.006003
74, 0.000697, -3.118098, 3.138498, 1.564631, 0.001412, -1.568370, 0.006010
75, 0.000682, -3.118084, 3.138515, 1.564659, 0.001412, -1.568342, 0.005987
76, 0.000674, -3.118098, 3.138506, 1.564649, 0.001394, -1.568360, 0.006018
77, 0.000667, -3.118091, 3.138515, 1.564649, 0.001412, -1.568351, 0.006003
78, 0.000682, -3.118106, 3.138498, 1.564668, 0.001394, -1.568324, 0.006018
79, 0.000689, -3.118076, 3.138506, 1.564649, 0.001394, -1.568351, 0.006010
80, 0.000674, -3.118091, 3.138506, 1.564659, 0.001385, -1.568351, 0.005995
81, 0.000660, -3.118098, 3.138506, 1.564649, 0.001394, -1.568360, 0.006003
82, 0.000682, -3.118113, 3.138498, 1.564668, 0.001385, -1.568342, 0.006010
83, 0.000667, -3.118091, 3.138506, 1.564649, 0.001385, -1.568333, 0.006003
84, 0.000682, -3.118091, 3.138506, 1.564640, 0.001403, -1.568360, 0.005987
85, 0.000674, -3.118091, 3.138506, 1.564659, 0.001412, -1.568342, 0.005980
86, 0.000674, -3.118091, 3.138506, 1.564649, 0.001394, -1.568333, 0.006003
87, 0.000689, -3.118106, 3.138506, 1.564659, 0.001421, -1.568360, 0.005995
88, 0.000682, -3.118098, 3.138506, 1.564631, 0.001421, -1.568342, 0.005987
89, 0.000682, -3.118091, 3.138506, 1.564640, 0.001394, -1.568324, 0.005987
90, 0.000674, -3.118098, 3.138506, 1.564649, 0.001403, -1.568333, 0.006018
91, 0.000689, -3.118091, 3.138506, 1.564640, 0.001403, -1.568370, 0.006010
92, 0.000674, -3.118084, 3.138506, 1.564649, 0.001394, -1.568351, 0.006018
93, 0.000682, -3.118091, 3.138506, 1.564668, 0.001385, -1.568342, 0.006010
94, 0.000660, -3.118091, 3.138506, 1.564640, 0.001394, -1.568351, 0.006010
95, 0.000674, -3.118098, 3.138515, 1.564649, 0.001394, -1.568333, 0.006010
96, 0.000674, -3.118091, 3.138506, 1.564640, 0.001394, -1.568342, 0.006003
97, 0.000689, -3.118091, 3.138506, 1.564659, 0.001385, -1.568351, 0.006010
98, 0.000674, -3.118106, 3.138506, 1.564659, 0.001403, -1.568333, 0.005995
99, 0.000674, -3.118091, 3.138506, 1.564668, 0.001366, -1.568333, 0.006010
100, 0.000682, -3.118084, 3.138506, 1.564659, 0.001385, -1.568342, 0.005995
101, 0.000682, -3.118091, 3.138515, 1.564659, 0.001375, -1.568351, 0.006010
102, 0.000674, -3.118091, 3.138506, 1.564649, 0.001421, -1.568342, 0.005995
103, 0.000689, -3.118098, 3.138506, 1.564649, 0.001394, -1.568333, 0.005995
104, 0.000674, -3.118091, 3.138506, 1.564640, 0.001385, -1.568342, 0.006025
105, 0.000667, -3.118091, 3.138506, 1.564659, 0.001385, -1.568342, 0.005995
106, 0.000667, -3.118076, 3.138506, 1.564668, 0.001385, -1.568333, 0.006010
107, 0.000674, -3.118113, 3.138515, 1.564659, 0.001366, -1.568360, 0.005980
108, 0.000660, -3.118091, 3.138515, 1.564631, 0.001357, -1.568333, 0.006003
109, 0.000638, -3.117833, 3.138490, 1.564649, 0.001412, -1.568342, 0.006003
110, 0.000962, -3.113452, 3.134648, 1.564595, 0.001485, -1.568370, 0.005537
111, 0.000158, -3.101468, 3.125428, 1.564640, 0.001339, -1.568351, 0.006369
112, 0.000224, -3.081445, 3.109129, 1.564585, 0.001458, -1.568397, 0.005812
113, 0.000542, -3.053273, 3.085600, 1.564576, 0.001458, -1.568424, 0.005514
114, 0.000320, -3.026377, 3.062974, 1.564631, 0.001385, -1.568388, 0.005911
115, 0.000291, -2.986051, 3.031511, 1.564686, 0.001403, -1.568388, 0.006094
116, 0.000475, -2.929691, 2.990973, 1.564695, 0.001403, -1.568360, 0.006003
117, 0.000431, -2.882086, 2.959119, 1.564759, 0.001403, -1.568351, 0.005987
118, 0.000992, -2.828958, 2.922742, 1.564595, 0.000362, -1.567785, 0.005774
119, 0.001073, -2.776323, 2.886798, 1.555637, -0.009874, -1.556865, 0.006438
120, 0.000741, -2.739117, 2.862358, 1.537832, -0.022520, -1.538402, 0.006499
121, 0.000468, -2.709831, 2.846339, 1.511773, -0.033614, -1.512753, 0.007170
122, 0.000777, -2.686998, 2.838829, 1.474017, -0.045593, -1.474751, 0.006247
123, 0.000623, -2.676732, 2.842025, 1.426901, -0.055692, -1.428522, 0.006087
124, 0.000512, -2.677138, 2.850765, 1.378736, -0.065106, -1.380941, 0.006125
125, 0.000424, -2.680368, 2.862206, 1.324435, -0.076017, -1.326530, 0.006010
126, 0.000379, -2.683502, 2.875365, 1.253744, -0.086573, -1.256451, 0.005980
127, 0.000424, -2.684763, 2.888907, 1.164965, -0.097520, -1.166896, 0.005888
128, 0.000446, -2.685066, 2.896569, 1.099132, -0.105958, -1.101364, 0.005812
129, 0.000313, -2.685014, 2.904495, 1.004609, -0.117207, -1.006284, 0.005850
130, 0.000328, -2.684358, 2.910007, 0.900518, -0.128081, -0.902686, 0.005888
131, 0.000328, -2.683532, 2.912452, 0.831498, -0.135213, -0.833282, 0.005827
132, 0.000261, -2.681039, 2.915184, 0.700625, -0.148854, -0.703150, 0.005934
133, 0.000254, -2.677831, 2.915528, 0.594169, -0.159437, -0.595890, 0.006025
134, 0.000402, -2.674158, 2.915049, 0.497373, -0.171982, -0.498920, 0.006018
135, 0.000328, -2.671275, 2.914369, 0.430307, -0.180977, -0.432347, 0.006102
136, 0.000269, -2.667624, 2.913299, 0.359032, -0.190527, -0.360305, 0.006033
137, 0.000424, -2.663841, 2.912476, 0.294184, -0.201265, -0.294855, 0.005995
138, 0.000409, -2.660264, 2.912020, 0.236368, -0.211537, -0.235742, 0.006094
139, 0.000328, -2.656886, 2.911917, 0.185025, -0.220330, -0.184062, 0.006102
140, 0.000129, -2.652388, 2.912172, 0.169302, -0.225946, -0.165398, 0.006590
141, -0.004849, -2.651090, 2.912388, 0.152949, -0.209757, -0.151546, 0.005796
142, -0.015867, -2.654843, 2.911253, 0.138833, -0.191833, -0.138864, 0.005407
143, -0.021111, -2.657027, 2.909504, 0.127702, -0.191952, -0.126693, 0.005796
144, -0.019607, -2.655183, 2.905381, 0.115165, -0.193440, -0.114192, 0.005949
145, -0.018205, -2.649430, 2.899845, 0.101359, -0.196828, -0.101646, 0.005919
146, -0.020366, -2.644828, 2.896441, 0.093187, -0.200973, -0.094406, 0.005964
147, -0.023397, -2.638294, 2.892734, 0.085207, -0.207684, -0.086371, 0.006163
148, -0.023611, -2.632335, 2.890465, 0.079491, -0.212012, -0.079942, 0.006270
149, -0.023456, -2.625285, 2.889003, 0.071182, -0.215710, -0.071971, 0.006178
150, -0.024754, -2.620926, 2.888939, 0.065210, -0.216988, -0.067032, 0.006003
151, -0.026251, -2.616818, 2.890337, 0.061138, -0.221298, -0.062411, 0.006193
152, -0.026561, -2.612762, 2.892814, 0.057130, -0.228639, -0.059636, 0.006117
153, -0.026443, -2.608935, 2.895906, 0.054883, -0.235205, -0.056613, 0.006186
154, -0.026989, -2.604289, 2.900196, 0.050117, -0.239459, -0.052541, 0.006155
155, -0.027660, -2.601759, 2.903544, 0.048026, -0.241934, -0.050386, 0.005819
156, -0.028169, -2.597208, 2.909136, 0.046319, -0.252827, -0.048770, 0.006422
157, -0.028043, -2.590608, 2.916207, 0.042712, -0.262588, -0.045629, 0.006025
158, -0.028184, -2.585719, 2.922215, 0.040694, -0.269984, -0.043538, 0.006125
159, -0.028707, -2.580519, 2.928479, 0.040566, -0.275654, -0.041648, 0.005972
160, -0.028707, -2.573447, 2.934144, 0.040503, -0.284867, -0.039876, 0.006117
161, -0.028516, -2.567436, 2.937323, 0.040247, -0.290893, -0.039046, 0.005850
162, -0.028567, -2.559641, 2.940479, 0.038229, -0.298993, -0.038854, 0.005842
163, -0.028619, -2.553660, 2.942333, 0.036914, -0.304937, -0.038836, 0.005964
164, -0.028567, -2.548188, 2.943547, 0.035517, -0.309940, -0.038808, 0.006087
165, -0.028545, -2.541779, 2.944146, 0.033545, -0.314433, -0.038790, 0.005987
166, -0.028486, -2.535392, 2.944274, 0.033390, -0.321089, -0.038698, 0.005911
167, -0.028582, -2.529544, 2.944210, 0.033381, -0.328047, -0.038607, 0.006125
168, -0.028574, -2.524676, 2.944042, 0.033326, -0.332302, -0.038050, 0.006033
169, -0.028471, -2.519861, 2.944146, 0.033326, -0.336100, -0.035932, 0.006079
170, -0.028508, -2.515096, 2.944354, 0.033289, -0.339095, -0.035594, 0.005926
171, -0.028530, -2.509787, 2.944777, 0.033262, -0.342802, -0.035603, 0.005880
172, -0.028479, -2.505177, 2.945257, 0.033271, -0.347304, -0.035576, 0.006003
173, -0.028434, -2.499978, 2.945800, 0.033225, -0.352983, -0.035576, 0.005896
174, -0.028449, -2.496224, 2.946200, 0.033216, -0.357238, -0.035567, 0.005987
175, -0.028324, -2.491224, 2.946615, 0.033216, -0.361785, -0.035576, 0.005972
176, -0.028265, -2.488333, 2.946703, 0.033198, -0.363128, -0.035594, 0.005972
177, -0.028021, -2.485442, 2.946631, 0.033180, -0.363091, -0.035548, 0.005987
178, -0.027711, -2.482986, 2.946743, 0.033180, -0.363128, -0.035558, 0.005995
179, -0.027409, -2.481069, 2.946911, 0.033143, -0.363301, -0.035539, 0.005949
180, -0.027284, -2.478886, 2.947310, 0.033152, -0.367145, -0.035567, 0.006102
181, -0.027247, -2.477152, 2.947254, 0.033134, -0.369610, -0.035548, 0.005942
182, -0.027232, -2.476334, 2.947150, 0.033134, -0.370569, -0.035548, 0.006003
183, -0.027181, -2.475722, 2.947062, 0.033143, -0.370587, -0.035558, 0.006071
184, -0.027144, -2.475110, 2.946999, 0.033143, -0.370615, -0.035558, 0.006064
185, -0.027063, -2.473930, 2.946959, 0.033125, -0.370606, -0.035539, 0.005980
186, -0.026922, -2.473406, 2.947094, 0.033134, -0.370587, -0.035530, 0.005949
187, -0.026790, -2.472927, 2.947206, 0.033125, -0.370578, -0.035530, 0.005957
188, -0.026531, -2.472469, 2.947246, 0.033134, -0.370624, -0.035567, 0.005995
189, -0.026406, -2.472034, 2.947198, 0.033143, -0.370615, -0.035558, 0.005995
190, -0.026384, -2.471599, 2.947190, 0.033116, -0.370642, -0.035558, 0.005987
191, -0.026288, -2.471422, 2.947230, 0.033125, -0.370660, -0.035539, 0.005987
192, -0.026214, -2.471348, 2.947358, 0.033125, -0.370624, -0.035558, 0.005980
193, -0.026141, -2.471400, 2.947542, 0.033125, -0.370642, -0.035576, 0.005980
194, -0.026008, -2.471452, 2.947678, 0.033125, -0.370624, -0.035576, 0.005980
195, -0.025942, -2.471496, 2.947742, 0.033107, -0.370633, -0.035530, 0.005987
196, -0.025772, -2.471577, 2.947805, 0.033125, -0.370633, -0.035567, 0.005964
197, -0.025521, -2.471673, 2.947805, 0.033125, -0.370624, -0.035539, 0.005972
198, -0.025219, -2.471695, 2.947782, 0.033143, -0.370624, -0.035539, 0.005972
199, -0.025167, -2.471717, 2.947798, 0.033125, -0.370633, -0.035548, 0.005995
200, -0.025211, -2.471761, 2.947845, 0.033134, -0.370615, -0.035567, 0.005987
201, -0.025138, -2.471865, 2.947933, 0.033116, -0.370587, -0.035539, 0.005980
202, -0.025086, -2.472034, 2.948045, 0.033134, -0.370587, -0.035567, 0.005964
203, -0.025071, -2.472182, 2.948157, 0.033107, -0.370560, -0.035548, 0.006010
204, -0.024953, -2.472226, 2.948181, 0.033125, -0.370551, -0.035585, 0.005972
205, -0.024821, -2.472256, 2.948221, 0.033125, -0.370533, -0.035567, 0.005987
206, -0.024732, -2.472344, 2.948229, 0.033107, -0.370496, -0.035567, 0.005995
207, -0.024621, -2.472425, 2.948237, 0.033107, -0.370515, -0.035576, 0.005987
208, -0.024415, -2.472536, 2.948253, 0.033116, -0.370487, -0.035558, 0.005980
209, -0.024231, -2.472742, 2.948317, 0.033116, -0.370487, -0.035539, 0.006003
210, -0.024098, -2.473082, 2.948397, 0.033125, -0.370469, -0.035567, 0.005980
211, -0.024031, -2.473244, 2.948421, 0.033125, -0.370478, -0.035585, 0.006003
212, -0.023980, -2.473377, 2.948405, 0.033116, -0.370460, -0.035539, 0.005995
213, -0.023921, -2.473554, 2.948477, 0.033125, -0.370469, -0.035530, 0.006003
214, -0.023869, -2.473907, 2.948628, 0.033125, -0.370423, -0.035548, 0.005964
215, -0.023788, -2.474387, 2.948828, 0.033116, -0.370386, -0.035567, 0.005995
216, -0.023729, -2.474844, 2.949004, 0.033134, -0.370350, -0.035594, 0.005949
217, -0.023714, -2.475287, 2.949180, 0.033116, -0.370323, -0.035585, 0.005980
218, -0.023626, -2.464298, 2.949435, 0.033052, -0.382494, -0.035503, 0.005751
219, -0.021849, -2.414503, 2.944993, 0.033088, -0.437434, -0.035640, 0.008896
220, -0.020145, -2.340606, 2.927113, 0.033225, -0.480011, -0.035466, 0.011498
221, -0.017785, -2.243670, 2.889594, 0.033234, -0.512499, -0.035494, 0.005338
222, -0.016546, -2.196618, 2.866872, 0.033782, -0.532240, -0.035695, 0.005712
223, -0.012918, -2.125163, 2.824368, 0.038977, -0.567786, -0.037046, 0.005888
224, -0.010262, -2.081607, 2.795518, 0.042338, -0.590111, -0.039438, 0.005995
225, -0.008028, -2.030897, 2.761115, 0.043634, -0.614709, -0.041739, 0.005903
226, -0.007150, -1.972539, 2.721727, 0.044757, -0.640605, -0.042616, 0.006087
227, -0.006959, -1.922707, 2.687221, 0.046821, -0.658748, -0.042625, 0.006132
228, -0.006907, -1.876046, 2.653928, 0.047542, -0.673622, -0.042607, 0.006125
229, -0.006914, -1.821066, 2.613733, 0.047643, -0.687427, -0.042607, 0.006071
230, -0.006885, -1.781404, 2.584739, 0.047652, -0.698111, -0.042588, 0.006025
231, -0.007055, -1.744345, 2.556792, 0.047661, -0.707451, -0.042561, 0.006033
232, -0.007526, -1.713680, 2.533111, 0.047661, -0.713505, -0.042561, 0.006064
233, -0.008198, -1.673752, 2.501553, 0.047652, -0.718938, -0.042524, 0.006064
234, -0.008699, -1.635277, 2.469659, 0.047643, -0.723458, -0.042497, 0.006056
235, -0.009083, -1.598233, 2.437038, 0.047643, -0.727439, -0.042506, 0.005934
236, -0.009326, -1.570658, 2.411807, 0.047643, -0.729292, -0.042470, 0.005865
237, -0.009695, -1.539403, 2.382030, 0.047643, -0.731429, -0.042433, 0.005980
238, -0.010218, -1.504505, 2.346980, 0.047652, -0.731319, -0.042406, 0.006003
239, -0.010727, -1.470264, 2.311723, 0.047643, -0.731265, -0.042369, 0.006010
240, -0.011059, -1.444923, 2.285110, 0.047634, -0.730808, -0.042333, 0.006018
241, -0.011273, -1.411891, 2.249716, 0.047643, -0.729557, -0.042305, 0.005987
242, -0.011398, -1.383343, 2.218294, 0.047643, -0.727366, -0.042314, 0.005980
243, -0.011531, -1.351240, 2.182022, 0.047643, -0.722673, -0.042260, 0.006025
244, -0.011811, -1.319867, 2.144838, 0.047634, -0.715441, -0.042260, 0.005980
245, -0.012268, -1.288878, 2.107280, 0.047643, -0.707588, -0.042214, 0.005980
246, -0.012637, -1.261864, 2.074028, 0.047625, -0.701033, -0.042196, 0.005949
247, -0.012969, -1.235211, 2.040264, 0.047606, -0.694340, -0.042205, 0.005934
248, -0.013426, -1.189427, 1.980495, 0.047652, -0.680159, -0.042168, 0.005972
249, -0.013530, -1.174257, 1.959986, 0.047625, -0.674297, -0.042205, 0.005919
250, -0.013663, -1.151240, 1.929194, 0.047616, -0.666764, -0.042150, 0.005964
251, -0.013773, -1.120818, 1.887241, 0.047625, -0.656766, -0.042205, 0.005972
252, -0.013795, -1.094129, 1.849707, 0.047643, -0.645280, -0.042177, 0.005964
253, -0.013898, -1.059408, 1.800635, 0.047652, -0.631355, -0.042205, 0.005957
254, -0.014046, -1.040166, 1.772928, 0.047625, -0.623338, -0.042214, 0.005957
255, -0.014385, -1.009273, 1.727731, 0.047616, -0.608062, -0.042205, 0.005972
256, -0.014791, -0.978343, 1.681680, 0.047634, -0.594257, -0.042214, 0.005995
257, -0.015027, -0.950908, 1.640095, 0.047625, -0.579209, -0.042250, 0.005972
258, -0.015019, -0.916091, 1.585774, 0.047625, -0.560956, -0.042287, 0.006018
259, -0.014997, -0.893000, 1.548264, 0.047643, -0.546073, -0.042369, 0.005911
260, -0.014894, -0.865883, 1.503722, 0.047652, -0.530423, -0.042424, 0.006041
261, -0.014960, -0.834628, 1.450736, 0.047652, -0.508810, -0.042616, 0.005835
262, -0.015204, -0.803365, 1.395984, 0.047725, -0.487946, -0.045054, 0.006041
263, -0.015506, -0.767605, 1.331189, 0.048227, -0.461686, -0.049646, 0.006087
264, -0.015543, -0.742913, 1.285434, 0.050565, -0.441717, -0.053043, 0.005758
265, -0.015838, -0.708001, 1.221222, 0.052820, -0.415055, -0.056239, 0.005880
266, -0.016096, -0.675610, 1.161860, 0.056372, -0.390566, -0.059745, 0.006117
267, -0.016361, -0.636943, 1.090634, 0.060800, -0.360690, -0.063680, 0.006148
268, -0.016531, -0.601750, 1.024889, 0.062645, -0.332466, -0.066465, 0.006193
269, -0.016634, -0.570016, 0.964959, 0.065868, -0.306416, -0.068355, 0.005919
270, -0.017033, -0.526644, 0.882955, 0.067028, -0.274193, -0.068785, 0.006224
271, -0.017807, -0.487240, 0.807375, 0.066763, -0.246207, -0.068155, 0.006239
272, -0.018810, -0.458330, 0.750873, 0.061485, -0.223325, -0.063187, 0.006003
273, -0.019946, -0.437172, 0.707163, 0.053130, -0.204178, -0.055463, 0.006132
274, -0.021199, -0.422946, 0.674613, 0.042876, -0.189632, -0.045401, 0.006025
275, -0.022011, -0.417201, 0.658251, 0.033691, -0.181734, -0.035074, 0.005919
276, -0.022328, -0.416670, 0.652978, 0.027975, -0.178365, -0.028965, 0.005919
277, -0.022416, -0.417916, 0.650677, 0.024240, -0.175982, -0.025367, 0.005942
278, -0.022343, -0.420018, 0.649974, 0.022789, -0.174548, -0.023980, 0.005942
279, -0.022188, -0.423034, 0.649950, 0.022725, -0.172704, -0.023688, 0.005888
280, -0.022129, -0.425792, 0.649678, 0.022752, -0.170805, -0.023633, 0.005850
281, -0.022063, -0.428440, 0.649183, 0.022734, -0.170403, -0.023688, 0.005896
282, -0.021974, -0.431759, 0.648712, 0.022716, -0.170257, -0.023633, 0.005888
283, -0.021915, -0.434539, 0.648049, 0.022725, -0.170284, -0.023651, 0.005926
284, -0.021871, -0.437165, 0.647705, 0.022716, -0.170303, -0.023669, 0.005972
285, -0.021886, -0.439974, 0.647465, 0.022706, -0.170257, -0.023651, 0.005957
286, -0.021930, -0.441892, 0.647034, 0.022697, -0.170312, -0.023614, 0.006025
287, -0.022011, -0.443868, 0.646994, 0.022661, -0.170175, -0.023623, 0.005949
288, -0.022099, -0.445151, 0.646906, 0.022615, -0.170138, -0.023596, 0.006010
289, -0.022218, -0.446457, 0.647002, 0.022542, -0.169901, -0.023587, 0.006010
290, -0.022343, -0.446951, 0.646994, 0.022533, -0.169681, -0.023605, 0.006010
291, -0.022453, -0.447747, 0.647138, 0.022442, -0.168668, -0.023623, 0.005995
292, -0.022431, -0.448463, 0.647178, 0.022387, -0.166796, -0.023596, 0.005964
293, -0.022350, -0.449090, 0.647369, 0.022332, -0.165764, -0.023523, 0.005972
294, -0.022321, -0.449422, 0.647497, 0.022332, -0.165673, -0.023551, 0.005942
295, -0.022232, -0.450137, 0.647529, 0.022295, -0.165600, -0.023551, 0.005934
296, -0.022136, -0.450852, 0.647585, 0.022259, -0.165436, -0.023541, 0.005919
297, -0.022143, -0.451501, 0.647585, 0.022259, -0.165326, -0.023541, 0.005919
298, -0.022114, -0.452268, 0.647585, 0.022223, -0.165171, -0.023505, 0.005949
299, -0.022136, -0.452637, 0.647617, 0.022204, -0.165034, -0.023478, 0.005919
300, -0.022188, -0.453043, 0.647569, 0.022149, -0.164669, -0.023505, 0.005980
301, -0.022276, -0.453205, 0.647545, 0.022140, -0.163765, -0.023496, 0.005957
302, -0.022291, -0.453492, 0.647513, 0.022122, -0.162907, -0.023496, 0.005949
303, -0.022269, -0.453876, 0.647441, 0.022104, -0.162642, -0.023496, 0.005964
304, -0.022269, -0.454149, 0.647369, 0.022104, -0.162450, -0.023505, 0.005964
305, -0.022232, -0.454252, 0.647346, 0.022085, -0.162423, -0.023468, 0.005964
306, -0.022181, -0.454407, 0.647305, 0.022095, -0.162350, -0.023468, 0.005964
307, -0.022129, -0.454503, 0.647322, 0.022076, -0.162322, -0.023441, 0.005964
308, -0.022107, -0.454532, 0.647322, 0.022067, -0.162285, -0.023423, 0.005980
309, -0.022084, -0.454555, 0.647322, 0.022067, -0.162249, -0.023432, 0.005942
310, -0.022084, -0.454584, 0.647314, 0.022095, -0.162194, -0.023450, 0.005942
311, -0.022084, -0.454614, 0.647314, 0.022076, -0.162140, -0.023432, 0.005957
312, -0.022099, -0.454665, 0.647298, 0.022058, -0.162085, -0.023423, 0.005949
313, -0.022107, -0.454724, 0.647298, 0.022049, -0.162021, -0.023432, 0.005980
314, -0.022092, -0.454783, 0.647298, 0.022067, -0.161993, -0.023441, 0.005934
315, -0.022084, -0.454813, 0.647274, 0.022049, -0.161975, -0.023441, 0.005942
316, -0.022077, -0.454849, 0.647290, 0.022058, -0.161920, -0.023432, 0.005942
317, -0.022070, -0.454857, 0.647274, 0.022067, -0.161911, -0.023404, 0.005949
318, -0.022048, -0.454916, 0.647282, 0.022058, -0.161829, -0.023359, 0.005926
319, -0.022040, -0.454938, 0.647282, 0.022058, -0.161774, -0.023395, 0.005957
320, -0.022003, -0.454953, 0.647282, 0.022040, -0.161719, -0.023395, 0.005957
321, -0.021996, -0.454982, 0.647290, 0.022049, -0.161683, -0.023386, 0.005987
322, -0.022003, -0.455019, 0.647282, 0.022049, -0.161628, -0.023377, 0.005972
323, -0.022011, -0.455034, 0.647290, 0.022040, -0.161628, -0.023395, 0.005942
324, -0.022003, -0.455041, 0.647290, 0.022040, -0.161583, -0.023359, 0.005919
325, -0.021974, -0.455071, 0.647282, 0.022022, -0.161583, -0.023386, 0.005926
326, -0.021945, -0.455071, 0.647290, 0.022031, -0.161528, -0.023368, 0.005949
327, -0.021930, -0.455086, 0.647282, 0.022031, -0.161546, -0.023377, 0.005942
328, -0.021908, -0.455100, 0.647282, 0.022040, -0.161501, -0.023377, 0.005972
329, -0.021893, -0.455093, 0.647282, 0.022031, -0.161510, -0.023377, 0.005949
330, -0.021886, -0.455115, 0.647282, 0.022031, -0.161491, -0.023395, 0.005957
331, -0.021893, -0.455100, 0.647282, 0.022040, -0.161455, -0.023368, 0.005942
332, -0.021863, -0.455100, 0.647274, 0.022022, -0.161455, -0.023368, 0.005980
333, -0.021871, -0.455107, 0.647282, 0.022031, -0.161427, -0.023359, 0.005957
334, -0.021863, -0.455122, 0.647274, 0.022003, -0.161455, -0.023386, 0.005949
335, -0.021849, -0.455130, 0.647282, 0.022031, -0.161418, -0.023386, 0.005957
336, -0.021841, -0.455144, 0.647266, 0.022022, -0.161436, -0.023359, 0.005949
337, -0.021827, -0.455181, 0.647282, 0.022022, -0.161436, -0.023377, 0.005934
338, -0.021797, -0.455181, 0.647282, 0.022022, -0.161409, -0.023377, 0.005934
339, -0.021767, -0.455204, 0.647274, 0.022012, -0.161427, -0.023350, 0.007109
340, -0.021745, -0.455196, 0.647314, 0.022012, -0.161318, -0.023350, 0.024414
341, -0.021738, -0.455196, 0.647362, 0.022022, -0.161227, -0.023331, 0.055359
342, -0.021738, -0.455174, 0.647369, 0.021994, -0.161153, -0.023350, 0.114647
343, -0.021731, -0.455211, 0.647401, 0.022022, -0.161126, -0.023395, 0.153622
344, -0.021723, -0.455226, 0.647386, 0.022012, -0.161117, -0.023359, 0.217108
345, -0.021716, -0.455211, 0.647386, 0.021985, -0.161099, -0.023395, 0.292876
346, -0.021694, -0.455240, 0.647377, 0.022022, -0.161108, -0.023350, 0.393169
347, -0.021672, -0.455285, 0.647386, 0.022012, -0.161126, -0.023322, 0.492631
348, -0.021642, -0.455314, 0.647250, 0.021985, -0.161090, -0.023350, 0.593252
349, -0.021635, -0.455395, 0.647170, 0.021994, -0.161172, -0.023359, 0.681920
350, -0.021642, -0.455617, 0.647114, 0.021994, -0.161162, -0.023340, 0.769726
351, -0.021642, -0.455874, 0.647082, 0.021994, -0.161153, -0.023350, 0.834036
352, -0.021657, -0.456140, 0.647058, 0.022003, -0.161162, -0.023340, 0.894827
353, -0.021649, -0.456288, 0.647050, 0.021994, -0.161153, -0.023350, 0.935421
354, -0.021664, -0.456383, 0.646994, 0.022003, -0.161190, -0.023340, 0.961466
355, -0.021657, -0.456479, 0.647018, 0.022022, -0.161162, -0.023350, 0.984335
356, -0.021649, -0.456546, 0.647058, 0.021994, -0.161172, -0.023359, 0.990457
357, -0.021642, -0.456568, 0.647066, 0.022022, -0.161135, -0.023359, 0.989717
358, -0.021635, -0.456597, 0.647162, 0.021994, -0.161181, -0.023340, 0.989938
359, -0.021642, -0.456605, 0.647178, 0.021994, -0.161090, -0.023359, 0.989984
360, -0.021635, -0.456656, 0.647186, 0.021994, -0.161117, -0.023322, 0.990014
361, -0.021642, -0.456701, 0.647186, 0.022003, -0.161108, -0.023350, 0.989968
362, -0.021635, -0.456715, 0.647170, 0.021994, -0.161108, -0.023359, 0.990068
363, -0.021605, -0.456774, 0.647162, 0.022022, -0.161144, -0.023340, 0.990022
364, -0.021583, -0.456863, 0.647170, 0.021994, -0.161135, -0.023331, 0.990052
365, -0.021583, -0.456877, 0.647162, 0.021994, -0.161144, -0.023359, 0.990022
366, -0.021590, -0.456914, 0.647170, 0.022012, -0.161126, -0.023359, 0.990007
367, -0.021583, -0.456944, 0.647170, 0.021994, -0.161144, -0.023340, 0.990075
368, -0.021554, -0.456995, 0.647178, 0.022003, -0.161135, -0.023350, 0.990083
369, -0.021554, -0.456988, 0.647170, 0.022003, -0.161108, -0.023322, 0.990060
370, -0.021546, -0.457018, 0.647178, 0.021976, -0.161117, -0.023322, 0.990106
371, -0.021546, -0.457018, 0.647170, 0.021985, -0.161144, -0.023340, 0.990091
372, -0.021531, -0.457040, 0.647170, 0.022003, -0.161135, -0.023340, 0.990121
373, -0.021539, -0.457040, 0.647178, 0.021994, -0.161144, -0.023331, 0.990098
374, -0.021524, -0.457069, 0.647170, 0.021994, -0.161099, -0.023350, 0.990113
375, -0.021539, -0.457047, 0.647178, 0.021985, -0.161135, -0.023359, 0.990121
376, -0.021531, -0.457084, 0.647170, 0.021985, -0.161135, -0.023340, 0.990121
377, -0.021546, -0.457106, 0.647178, 0.022003, -0.161153, -0.023359, 0.990098
378, -0.021531, -0.457091, 0.647178, 0.021994, -0.161126, -0.023350, 0.990152
379, -0.021554, -0.457128, 0.647170, 0.022003, -0.161117, -0.023359, 0.990121
380, -0.021539, -0.457121, 0.647162, 0.022003, -0.161144, -0.023340, 0.984213
381, -0.021502, -0.457136, 0.647178, 0.021985, -0.161144, -0.023331, 0.967489
382, -0.021480, -0.457173, 0.647130, 0.021994, -0.161162, -0.023359, 0.932971
383, -0.021421, -0.457202, 0.647114, 0.021994, -0.161144, -0.023350, 0.880492
384, -0.021384, -0.457232, 0.647106, 0.021994, -0.161181, -0.023340, 0.837715
385, -0.021317, -0.457305, 0.647058, 0.022003, -0.161099, -0.023331, 0.739193
386, -0.021273, -0.457320, 0.647074, 0.022003, -0.161135, -0.023322, 0.674478
387, -0.021236, -0.457327, 0.646986, 0.021985, -0.161062, -0.023322, 0.581612
388, -0.021222, -0.457357, 0.646994, 0.022012, -0.161016, -0.023295, 0.465647
389, -0.021214, -0.457350, 0.647106, 0.021994, -0.161007, -0.023350, 0.382704
390, -0.021251, -0.457298, 0.647234, 0.021985, -0.160998, -0.023340, 0.274075
391, -0.021258, -0.457291, 0.647457, 0.021994, -0.160943, -0.023313, 0.201574
392, -0.021258, -0.457246, 0.647593, 0.021994, -0.160962, -0.023331, 0.148859
393, -0.021258, -0.457217, 0.647673, 0.021985, -0.160953, -0.023313, 0.084625
394, -0.021236, -0.457261, 0.647641, 0.021985, -0.160898, -0.023277, 0.043558
395, -0.021236, -0.457268, 0.647593, 0.021994, -0.160934, -0.023331, 0.022017
396, -0.021251, -0.457327, 0.647481, 0.021985, -0.160907, -0.023304, 0.006148
397, -0.021258, -0.457342, 0.647346, 0.021994, -0.160916, -0.023350, 0.006056
398, -0.021251, -0.457357, 0.647314, 0.021994, -0.160925, -0.023322, 0.005972
399, -0.021229, -0.457379, 0.647282, 0.022003, -0.160971, -0.023322, 0.006087
400, -0.021222, -0.457387, 0.647298, 0.021994, -0.160953, -0.023313, 0.006071
401, -0.021214, -0.457364, 0.647290, 0.021985, -0.160998, -0.023313, 0.006048
402, -0.021214, -0.457394, 0.647322, 0.021994, -0.160943, -0.023313, 0.006071
403, -0.021207, -0.457379, 0.647322, 0.021994, -0.160943, -0.023313, 0.006033
404, -0.021185, -0.457372, 0.647322, 0.021994, -0.160962, -0.023313, 0.006025
405, -0.021178, -0.457387, 0.647322, 0.021976, -0.160943, -0.023304, 0.006033
406, -0.021170, -0.457372, 0.647314, 0.021985, -0.160934, -0.023313, 0.006018
407, -0.021192, -0.457379, 0.647298, 0.021967, -0.160943, -0.023304, 0.006056
408, -0.021185, -0.457387, 0.647305, 0.021985, -0.160934, -0.023331, 0.006010
409, -0.021185, -0.457387, 0.647305, 0.021994, -0.160953, -0.023322, 0.005987
410, -0.021178, -0.457379, 0.647314, 0.021976, -0.160943, -0.023313, 0.006003
411, -0.021185, -0.457387, 0.647314, 0.021985, -0.160943, -0.023340, 0.006003
412, -0.021178, -0.457394, 0.647314, 0.021994, -0.160971, -0.023322, 0.006025
413, -0.021192, -0.457387, 0.647305, 0.021976, -0.160971, -0.023331, 0.006018
414, -0.021170, -0.457387, 0.647314, 0.021976, -0.160962, -0.023304, 0.006003
415, -0.021163, -0.457401, 0.647305, 0.021994, -0.160943, -0.023331, 0.005995
416, -0.021163, -0.457379, 0.647314, 0.021994, -0.160962, -0.023304, 0.006025
417, -0.021170, -0.457379, 0.647314, 0.021976, -0.160953, -0.023322, 0.006025
418, -0.021170, -0.457394, 0.647314, 0.021985, -0.160934, -0.023350, 0.005987
419, -0.021141, -0.457416, 0.647314, 0.021994, -0.160953, -0.023304, 0.005987
420, -0.021141, -0.457416, 0.647305, 0.022003, -0.160953, -0.023322, 0.006003
421, -0.021148, -0.457409, 0.647305, 0.021985, -0.160971, -0.023313, 0.006003
422, -0.021148, -0.457423, 0.647305, 0.021985, -0.160962, -0.023331, 0.006003
423, -0.021133, -0.457416, 0.647314, 0.021985, -0.160943, -0.023313, 0.005972
424, -0.021118, -0.457416, 0.647314, 0.021994, -0.160962, -0.023304, 0.005980
425, -0.021141, -0.457409, 0.647322, 0.021985, -0.160953, -0.023350, 0.006010
426, -0.021141, -0.457416, 0.647322, 0.021976, -0.160953, -0.023313, 0.005980
427, -0.021141, -0.457416, 0.647322, 0.021976, -0.160953, -0.023350, 0.006018
428, -0.021133, -0.457423, 0.647314, 0.021985, -0.160934, -0.023313, 0.005995
429, -0.021148, -0.457416, 0.647314, 0.021976, -0.160953, -0.023304, 0.005995
430, -0.021148, -0.457438, 0.647305, 0.021994, -0.160971, -0.023331, 0.005964
431, -0.021148, -0.457416, 0.647314, 0.021985, -0.160962, -0.023295, 0.005972
432, -0.021148, -0.457446, 0.647305, 0.021994, -0.160943, -0.023331, 0.005972
433, -0.021155, -0.457423, 0.647314, 0.021967, -0.160934, -0.023331, 0.006209
434, -0.021148, -0.457416, 0.647409, 0.021967, -0.160953, -0.023267, 0.016414
435, -0.021148, -0.457409, 0.647425, 0.021967, -0.160879, -0.023295, 0.038230
436, -0.021148, -0.457401, 0.647465, 0.021985, -0.160879, -0.023286, 0.077015
437, -0.021148, -0.457379, 0.647441, 0.022003, -0.160916, -0.023304, 0.127249
438, -0.021155, -0.457438, 0.647497, 0.021976, -0.160925, -0.023322, 0.156034
439, -0.021155, -0.457416, 0.647433, 0.021985, -0.161117, -0.023313, 0.202681
440, -0.021141, -0.457490, 0.647258, 0.021976, -0.161044, -0.023340, 0.243290
441, -0.021133, -0.457512, 0.647122, 0.021967, -0.161044, -0.023322, 0.267793
442, -0.021126, -0.457600, 0.647122, 0.021976, -0.160953, -0.023286, 0.283273
443, -0.021118, -0.457637, 0.647202, 0.021994, -0.161026, -0.023322, 0.308753
444, -0.021118, -0.457615, 0.647346, 0.021976, -0.160953, -0.023322, 0.348851
445, -0.021126, -0.457571, 0.647601, 0.021967, -0.160916, -0.023313, 0.396673
446, -0.021126, -0.457549, 0.647665, 0.021976, -0.161007, -0.023340, 0.452205
447, -0.021111, -0.457571, 0.647633, 0.021976, -0.160925, -0.023322, 0.497134
448, -0.021133, -0.457593, 0.647409, 0.021994, -0.160870, -0.023331, 0.569864
449, -0.021133, -0.457659, 0.647218, 0.021967, -0.160898, -0.023313, 0.613267
450, -0.021133, -0.457770, 0.647018, 0.021976, -0.161007, -0.023313, 0.650296
451, -0.021141, -0.457910, 0.647026, 0.021967, -0.160852, -0.023313, 0.671417
452, -0.021148, -0.458013, 0.647034, 0.021976, -0.161053, -0.023322, 0.686386
453, -0.021126, -0.458072, 0.647098, 0.021949, -0.160998, -0.023313, 0.688302
454, -0.021133, -0.458094, 0.647218, 0.021985, -0.160861, -0.023340, 0.688195
455, -0.021155, -0.458080, 0.647258, 0.021976, -0.160889, -0.023313, 0.688164
456, -0.021133, -0.458080, 0.647298, 0.021967, -0.160943, -0.023322, 0.688271
457, -0.021126, -0.458080, 0.647362, 0.021967, -0.160953, -0.023295, 0.688279
458, -0.021133, -0.458080, 0.647346, 0.021958, -0.160953, -0.023313, 0.688233
459, -0.021133, -0.458109, 0.647337, 0.021976, -0.160925, -0.023295, 0.688126
460, -0.021133, -0.458109, 0.647330, 0.021958, -0.160943, -0.023313, 0.688225
461, -0.021141, -0.458094, 0.647330, 0.021967, -0.160971, -0.023313, 0.688233
462, -0.021126, -0.458117, 0.647322, 0.021976, -0.160934, -0.023304, 0.688195
463, -0.021126, -0.458117, 0.647346, 0.021958, -0.160934, -0.023313, 0.688195
464, -0.021133, -0.458117, 0.647337, 0.021949, -0.160943, -0.023304, 0.688203
465, -0.021141, -0.458131, 0.647330, 0.021958, -0.160925, -0.023286, 0.688233
466, -0.021133, -0.458168, 0.647322, 0.021949, -0.160943, -0.023313, 0.688149
467, -0.021126, -0.458190, 0.647314, 0.021958, -0.160925, -0.023313, 0.688195
468, -0.021141, -0.458176, 0.647322, 0.021949, -0.160971, -0.023295, 0.688203
469, -0.021126, -0.458176, 0.647337, 0.021967, -0.160934, -0.023322, 0.688180
470, -0.021126, -0.458161, 0.647322, 0.021985, -0.161035, -0.023322, 0.683249
471, -0.021133, -0.458183, 0.647409, 0.021967, -0.161099, -0.023304, 0.673333
472, -0.021118, -0.458168, 0.647409, 0.021958, -0.161016, -0.023295, 0.672890
473, -0.021141, -0.458183, 0.647386, 0.021949, -0.160934, -0.023322, 0.672860
474, -0.021141, -0.458176, 0.647377, 0.021976, -0.160916, -0.023322, 0.672249
475, -0.021126, -0.458220, 0.647354, 0.021958, -0.160998, -0.023304, 0.659204
476, -0.021126, -0.458242, 0.647282, 0.021958, -0.160953, -0.023286, 0.642892
477, -0.021126, -0.458235, 0.647282, 0.021967, -0.160879, -0.023304, 0.637403
478, -0.021118, -0.458257, 0.647305, 0.021958, -0.160879, -0.023304, 0.637319
479, -0.021133, -0.458220, 0.647322, 0.021958, -0.160953, -0.023331, 0.635327
480, -0.021096, -0.458227, 0.647354, 0.021967, -0.160953, -0.023313, 0.613939
481, -0.021104, -0.458264, 0.647354, 0.021958, -0.160943, -0.023295, 0.604305
482, -0.021081, -0.458271, 0.647337, 0.021949, -0.160962, -0.023331, 0.601031
483, -0.021089, -0.458257, 0.647346, 0.021967, -0.160934, -0.023304, 0.600489
484, -0.021089, -0.458279, 0.647354, 0.021958, -0.161016, -0.023313, 0.586321
485, -0.021067, -0.458271, 0.647377, 0.021958, -0.160943, -0.023304, 0.574726
486, -0.021104, -0.458286, 0.647337, 0.021958, -0.160788, -0.023286, 0.573635
487, -0.021111, -0.458279, 0.647362, 0.021976, -0.160834, -0.023267, 0.573795
488, -0.021089, -0.458294, 0.647386, 0.021958, -0.160843, -0.023304, 0.567154
489, -0.021067, -0.458316, 0.647305, 0.021967, -0.160806, -0.023313, 0.551109
490, -0.021074, -0.458338, 0.647362, 0.021976, -0.160889, -0.023286, 0.545163
491, -0.021104, -0.458338, 0.647369, 0.021940, -0.160962, -0.023277, 0.545140
492, -0.021096, -0.458316, 0.647369, 0.021967, -0.160962, -0.023267, 0.544781
493, -0.021104, -0.458323, 0.647354, 0.021967, -0.160916, -0.023322, 0.535064
494, -0.021096, -0.458367, 0.647298, 0.021949, -0.160825, -0.023286, 0.521286
495, -0.021118, -0.458389, 0.647330, 0.021958, -0.160825, -0.023277, 0.516301
496, -0.021163, -0.458353, 0.647337, 0.021958, -0.160916, -0.023295, 0.516050
497, -0.021163, -0.458338, 0.647346, 0.021958, -0.160907, -0.023277, 0.509088
498, -0.021141, -0.458367, 0.647354, 0.021958, -0.160816, -0.023258, 0.491417
499, -0.021141, -0.458375, 0.647377, 0.021967, -0.160889, -0.023286, 0.486440
500, -0.021133, -0.458389, 0.647362, 0.021976, -0.160898, -0.023286, 0.485532
501, -0.021126, -0.458338, 0.647362, 0.021949, -0.160852, -0.023286, 0.483059
502, -0.021118, -0.458375, 0.647362, 0.021958, -0.160870, -0.023258, 0.466823
503, -0.021126, -0.458412, 0.647322, 0.021958, -0.160834, -0.023240, 0.444724
504, -0.021104, -0.458412, 0.647330, 0.021958, -0.160761, -0.023231, 0.437885
505, -0.021126, -0.458389, 0.647393, 0.021949, -0.160861, -0.023258, 0.436885
506, -0.021126, -0.458389, 0.647369, 0.021967, -0.160788, -0.023267, 0.431817
507, -0.021148, -0.458426, 0.647418, 0.021967, -0.160843, -0.023267, 0.414062
508, -0.021133, -0.458449, 0.647465, 0.021976, -0.160898, -0.023277, 0.407902
509, -0.021111, -0.458441, 0.647433, 0.021958, -0.160889, -0.023267, 0.408100
510, -0.021126, -0.458449, 0.647465, 0.021958, -0.160889, -0.023258, 0.407100
511, -0.021096, -0.458500, 0.647409, 0.021949, -0.160724, -0.023277, 0.390757
512, -0.021118, -0.458471, 0.647425, 0.021967, -0.160953, -0.023267, 0.388467
513, -0.021096, -0.458478, 0.647481, 0.021949, -0.160962, -0.023286, 0.388643
514, -0.021111, -0.458463, 0.647465, 0.021940, -0.160916, -0.023249, 0.388483
515, -0.021111, -0.458515, 0.647473, 0.021967, -0.161016, -0.023286, 0.377368
516, -0.021118, -0.458508, 0.647505, 0.021967, -0.161044, -0.023258, 0.368293
517, -0.021104, -0.458529, 0.647465, 0.021940, -0.160934, -0.023267, 0.368239
518, -0.021089, -0.458508, 0.647473, 0.021949, -0.160962, -0.023267, 0.368193
519, -0.021081, -0.458522, 0.647481, 0.021940, -0.161007, -0.023286, 0.363117
520, -0.021089, -0.458529, 0.647577, 0.021958, -0.160834, -0.023258, 0.358125
521, -0.021089, -0.458492, 0.647537, 0.021967, -0.160889, -0.023258, 0.358194
522, -0.021074, -0.458522, 0.647545, 0.021958, -0.160852, -0.023213, 0.358262
523, -0.021096, -0.458529, 0.647569, 0.021949, -0.160898, -0.023258, 0.357827
524, -0.021089, -0.458544, 0.647465, 0.021958, -0.160870, -0.023249, 0.347545
525, -0.021089, -0.458559, 0.647457, 0.021958, -0.160779, -0.023231, 0.338477
526, -0.021081, -0.458581, 0.647457, 0.021940, -0.160816, -0.023277, 0.338645
527, -0.021081, -0.458603, 0.647481, 0.021967, -0.160879, -0.023240, 0.338530
528, -0.021096, -0.458559, 0.647521, 0.021967, -0.160879, -0.023258, 0.335172
529, -0.021096, -0.458574, 0.647577, 0.021949, -0.160788, -0.023231, 0.328584
530, -0.021104, -0.458589, 0.647561, 0.021967, -0.160879, -0.023258, 0.328371
531, -0.021081, -0.458596, 0.647569, 0.021930, -0.160834, -0.023277, 0.328554
532, -0.021074, -0.458596, 0.647577, 0.021949, -0.160816, -0.023267, 0.328500
533, -0.021067, -0.458589, 0.647529, 0.021949, -0.160907, -0.023258, 0.321447
534, -0.021067, -0.458626, 0.647521, 0.021958, -0.160752, -0.023231, 0.310257
535, -0.021089, -0.458603, 0.647561, 0.021940, -0.160916, -0.023231, 0.308379
536, -0.021089, -0.458626, 0.647561, 0.021958, -0.160843, -0.023249, 0.308333
537, -0.021089, -0.458603, 0.647577, 0.021949, -0.160870, -0.023277, 0.301372
538, -0.021096, -0.458618, 0.647553, 0.021930, -0.160925, -0.023267, 0.285876
539, -0.021074, -0.458655, 0.647561, 0.021949, -0.160834, -0.023231, 0.273129
540, -0.021074, -0.458670, 0.647553, 0.021949, -0.160825, -0.023277, 0.267999
541, -0.021060, -0.458655, 0.647641, 0.021958, -0.160889, -0.023240, 0.267594
542, -0.021060, -0.458647, 0.647609, 0.021958, -0.160870, -0.023258, 0.257129
543, -0.021074, -0.458655, 0.647617, 0.021958, -0.160916, -0.023258, 0.237771
544, -0.021067, -0.458677, 0.647633, 0.021976, -0.160898, -0.023249, 0.227932
545, -0.021081, -0.458662, 0.647633, 0.021967, -0.160907, -0.023222, 0.227146
546, -0.021074, -0.458662, 0.647625, 0.021940, -0.160879, -0.023258, 0.225291
547, -0.021067, -0.458670, 0.647625, 0.021958, -0.160916, -0.023249, 0.211543
548, -0.021081, -0.458721, 0.647561, 0.021940, -0.160971, -0.023277, 0.182087
549, -0.021074, -0.458744, 0.647617, 0.021967, -0.160889, -0.023249, 0.155866
550, -0.021074, -0.458788, 0.647649, 0.021967, -0.160925, -0.023286, 0.139516
551, -0.021060, -0.458758, 0.647641, 0.021967, -0.160962, -0.023240, 0.119494
552, -0.021044, -0.458758, 0.647649, 0.021949, -0.160898, -0.023222, 0.084717
553, -0.021052, -0.458795, 0.647777, 0.021958, -0.160834, -0.023249, 0.064191
554, -0.021067, -0.458795, 0.647769, 0.021976, -0.160852, -0.023249, 0.050657
555, -0.021074, -0.458781, 0.647841, 0.021940, -0.160962, -0.023249, 0.045841
556, -0.021067, -0.458795, 0.647825, 0.021958, -0.160879, -0.023249, 0.028727
557, -0.021060, -0.458847, 0.647849, 0.021949, -0.160898, -0.023231, 0.012071
558, -0.021060, -0.458861, 0.647825, 0.021958, -0.160861, -0.023231, 0.007896
559, -0.021067, -0.458876, 0.647817, 0.021949, -0.160870, -0.023249, 0.007949
560, -0.021052, -0.458876, 0.647841, 0.021958, -0.160870, -0.023258, 0.007957
561, -0.021060, -0.458891, 0.647841, 0.021940, -0.160861, -0.023258, 0.007903
562, -0.021044, -0.458935, 0.647833, 0.021958, -0.160889, -0.023249, 0.007934
563, -0.021052, -0.458950, 0.647833, 0.021949, -0.160879, -0.023240, 0.007964
564, -0.021060, -0.458979, 0.647833, 0.021940, -0.160879, -0.023231, 0.007934
565, -0.021060, -0.458987, 0.647833, 0.021949, -0.160861, -0.023267, 0.007949
566, -0.021067, -0.458972, 0.647841, 0.021940, -0.160898, -0.023258, 0.007934
567, -0.021067, -0.459002, 0.647841, 0.021930, -0.160889, -0.023249, 0.007957
568, -0.021074, -0.458979, 0.647857, 0.021958, -0.160861, -0.023249, 0.007941
569, -0.021074, -0.458994, 0.647849, 0.021949, -0.160889, -0.023277, 0.007926
570, -0.021060, -0.459002, 0.647841, 0.021958, -0.160870, -0.023258, 0.007949
571, -0.021052, -0.459002, 0.647849, 0.021949, -0.160898, -0.023258, 0.007911
572, -0.021052, -0.459009, 0.647849, 0.021949, -0.160898, -0.023249, 0.007957
573, -0.021052, -0.459038, 0.647849, 0.021958, -0.160861, -0.023249, 0.007911
574, -0.021060, -0.459016, 0.647841, 0.021958, -0.160879, -0.023240, 0.007918
575, -0.021060, -0.459024, 0.647857, 0.021958, -0.160852, -0.023240, 0.007926
576, -0.021074, -0.459046, 0.647865, 0.021949, -0.160879, -0.023249, 0.007926
577, -0.021067, -0.459024, 0.647857, 0.021949, -0.160907, -0.023267, 0.007896
578, -0.021074, -0.459009, 0.647857, 0.021949, -0.160870, -0.023249, 0.007941
579, -0.021060, -0.459038, 0.647865, 0.021949, -0.160879, -0.023249, 0.007957
580, -0.021060, -0.459038, 0.647857, 0.021958, -0.160870, -0.023249, 0.007934
581, -0.021044, -0.459061, 0.647857, 0.021958, -0.160879, -0.023240, 0.007903
582, -0.021030, -0.459068, 0.647857, 0.021940, -0.160861, -0.023267, 0.007941
583, -0.021060, -0.459053, 0.647865, 0.021949, -0.160879, -0.023249, 0.007911
584, -0.021052, -0.459068, 0.647865, 0.021940, -0.160879, -0.023267, 0.007941
585, -0.021067, -0.459068, 0.647865, 0.021940, -0.160879, -0.023258, 0.007941
586, -0.021052, -0.459075, 0.647873, 0.021949, -0.160852, -0.023258, 0.007918
587, -0.021052, -0.459068, 0.647865, 0.021967, -0.160843, -0.023231, 0.007903
588, -0.021060, -0.459068, 0.647873, 0.021958, -0.160870, -0.023231, 0.007934
589, -0.021081, -0.459061, 0.647873, 0.021940, -0.160879, -0.023222, 0.007918
590, -0.021067, -0.459068, 0.647881, 0.021949, -0.160889, -0.023240, 0.007949
591, -0.021067, -0.459046, 0.647865, 0.021958, -0.160870, -0.023277, 0.007918
592, -0.021074, -0.459068, 0.647881, 0.021949, -0.160870, -0.023240, 0.007941
593, -0.021067, -0.459083, 0.647865, 0.021949, -0.160898, -0.023240, 0.007941
594, -0.021067, -0.459090, 0.647881, 0.021949, -0.160861, -0.023258, 0.007941
595, -0.021060, -0.459075, 0.647873, 0.021949, -0.160879, -0.023231, 0.007934
596, -0.021074, -0.459083, 0.647881, 0.021949, -0.160861, -0.023249, 0.007903
597, -0.021060, -0.459075, 0.647889, 0.021958, -0.160898, -0.023240, 0.007911
598, -0.021060, -0.459075, 0.647881, 0.021976, -0.160898, -0.023249, 0.007926
599, -0.021060, -0.459068, 0.647881, 0.021958, -0.160870, -0.023249, 0.007911
600, -0.021060, -0.459068, 0.647889, 0.021958, -0.160843, -0.023249, 0.007926
601, -0.021067, -0.459083, 0.647881, 0.021958, -0.160870, -0.023249, 0.007926
602, -0.021067, -0.459053, 0.647881, 0.021949, -0.160889, -0.023249, 0.007926
603, -0.021052, -0.459090, 0.647897, 0.021958, -0.160852, -0.023231, 0.007980
604, -0.021060, -0.459090, 0.647881, 0.021949, -0.160889, -0.023249, 0.007926
605, -0.021060, -0.459075, 0.647881, 0.021967, -0.160870, -0.023249, 0.007926
606, -0.021060, -0.459061, 0.647889, 0.021940, -0.160879, -0.023267, 0.007918
607, -0.021052, -0.459068, 0.647897, 0.021949, -0.160870, -0.023258, 0.007941
608, -0.021052, -0.459075, 0.647889, 0.021949, -0.160898, -0.023258, 0.007926
609, -0.021037, -0.459068, 0.647897, 0.021949, -0.160889, -0.023277, 0.007918
610, -0.021060, -0.459061, 0.647889, 0.021930, -0.160834, -0.023249, 0.007934
611, -0.021037, -0.459075, 0.647881, 0.021940, -0.160843, -0.023249, 0.007964
612, -0.021030, -0.459053, 0.647889, 0.021967, -0.160879, -0.023277, 0.007903
613, -0.021023, -0.459053, 0.647897, 0.021949, -0.160879, -0.023231, 0.007926
614, -0.021023, -0.459075, 0.647897, 0.021949, -0.160870, -0.023240, 0.007934
615, -0.021030, -0.459053, 0.647881, 0.021958, -0.160852, -0.023258, 0.007903
616, -0.021023, -0.459068, 0.647897, 0.021949, -0.160889, -0.023258, 0.007903
617, -0.021030, -0.459038, 0.647897, 0.021940, -0.160879, -0.023249, 0.007911
618, -0.021030, -0.459031, 0.647905, 0.021958, -0.160861, -0.023258, 0.007926
619, -0.021023, -0.459061, 0.647905, 0.021967, -0.160879, -0.023258, 0.007918
620, -0.021008, -0.459038, 0.647905, 0.021940, -0.160879, -0.023231, 0.007934
621, -0.021001, -0.459038, 0.647905, 0.021958, -0.160861, -0.023240, 0.007949
622, -0.020986, -0.459053, 0.647889, 0.021949, -0.160879, -0.023258, 0.007934
623, -0.020986, -0.459053, 0.647905, 0.021949, -0.160889, -0.023240, 0.007934
624, -0.020986, -0.459046, 0.647905, 0.021940, -0.160879, -0.023240, 0.007918
625, -0.020978, -0.459038, 0.647905, 0.021949, -0.160834, -0.023258, 0.007964
626, -0.020978, -0.459024, 0.647905, 0.021940, -0.160870, -0.023249, 0.007926
627, -0.020971, -0.459024, 0.647897, 0.021949, -0.160870, -0.023240, 0.007926
628, -0.020986, -0.459038, 0.647905, 0.021940, -0.160852, -0.023249, 0.007957
629, -0.020978, -0.459031, 0.647913, 0.021940, -0.160907, -0.023258, 0.007941
630, -0.020986, -0.459016, 0.647913, 0.021949, -0.160898, -0.023258, 0.007911
631, -0.020978, -0.459031, 0.647897, 0.021949, -0.160870, -0.023222, 0.007896
632, -0.020993, -0.459016, 0.647897, 0.021940, -0.160879, -0.023249, 0.007926
633, -0.020993, -0.459009, 0.647913, 0.021958, -0.160852, -0.023231, 0.007926
634, -0.020993, -0.459016, 0.647905, 0.021940, -0.160861, -0.023249, 0.007964
635, -0.020986, -0.459016, 0.647897, 0.021930, -0.160879, -0.023258, 0.007934
636, -0.020993, -0.459024, 0.647905, 0.021940, -0.160870, -0.023231, 0.007949
637, -0.020993, -0.459024, 0.647905, 0.021958, -0.160889, -0.023267, 0.007918
638, -0.021001, -0.459009, 0.647905, 0.021958, -0.160879, -0.023240, 0.007949
639, -0.020993, -0.459002, 0.647897, 0.021940, -0.160870, -0.023231, 0.007934
640, -0.021008, -0.458979, 0.647897, 0.021949, -0.160870, -0.023249, 0.007911
641, -0.021008, -0.458965, 0.647905, 0.021949, -0.160834, -0.023249, 0.007911
642, -0.020993, -0.458972, 0.647897, 0.021940, -0.160889, -0.023267, 0.007918
643, -0.020993, -0.458979, 0.647913, 0.021958, -0.160889, -0.023249, 0.007911
644, -0.020978, -0.458972, 0.647897, 0.021958, -0.160861, -0.023258, 0.007918
645, -0.020978, -0.458965, 0.647905, 0.021930, -0.160889, -0.023231, 0.007926
646, -0.020971, -0.458979, 0.647897, 0.021949, -0.160861, -0.023240, 0.007903
647, -0.020993, -0.458957, 0.647905, 0.021940, -0.160870, -0.023222, 0.007949
648, -0.020971, -0.458979, 0.647913, 0.021949, -0.160898, -0.023258, 0.007926
649, -0.020986, -0.458972, 0.647905, 0.021958, -0.160852, -0.023240, 0.007903
650, -0.020978, -0.458965, 0.647913, 0.021949, -0.160870, -0.023240, 0.007918
651, -0.020971, -0.458957, 0.647913, 0.021958, -0.160843, -0.023258, 0.007941
652, -0.020986, -0.458979, 0.647913, 0.021958, -0.160879, -0.023258, 0.007903
653, -0.020978, -0.458979, 0.647905, 0.021958, -0.160834, -0.023249, 0.007934
654, -0.020986, -0.458950, 0.647913, 0.021958, -0.160879, -0.023231, 0.007918
655, -0.020978, -0.458965, 0.647913, 0.021958, -0.160879, -0.023249, 0.007941
656, -0.020986, -0.458943, 0.647905, 0.021967, -0.160870, -0.023240, 0.007911
657, -0.020978, -0.458957, 0.647913, 0.021949, -0.160889, -0.023240, 0.007926
658, -0.020986, -0.458950, 0.647913, 0.021949, -0.160870, -0.023231, 0.007911
659, -0.020986, -0.458950, 0.647905, 0.021949, -0.160870, -0.023249, 0.007934
660, -0.020978, -0.458950, 0.647905, 0.021958, -0.160861, -0.023231, 0.007957
661, -0.020978, -0.458950, 0.647913, 0.021958, -0.160861, -0.023240, 0.007903
662, -0.020964, -0.458957, 0.647905, 0.021930, -0.160852, -0.023249, 0.007934
663, -0.020964, -0.458920, 0.647905, 0.021958, -0.160879, -0.023249, 0.007934
664, -0.020971, -0.458898, 0.647913, 0.021958, -0.160870, -0.023258, 0.007896
665, -0.020964, -0.458935, 0.647913, 0.021940, -0.160879, -0.023231, 0.007926
666, -0.020978, -0.458913, 0.647905, 0.021958, -0.160861, -0.023222, 0.007941
667, -0.020978, -0.458913, 0.647905, 0.021949, -0.160870, -0.023213, 0.007964
668, -0.020986, -0.458913, 0.647905, 0.021967, -0.160870, -0.023249, 0.007926
669, -0.020978, -0.458928, 0.647905, 0.021958, -0.160879, -0.023240, 0.007918
670, -0.020978, -0.458950, 0.647913, 0.021958, -0.160870, -0.023240, 0.007918
671, -0.020971, -0.458965, 0.647905, 0.021949, -0.160870, -0.023258, 0.007903
672, -0.020971, -0.458994, 0.647921, 0.021949, -0.160889, -0.023258, 0.007911
673, -0.020941, -0.459687, 0.648488, 0.021940, -0.161117, -0.023267, 0.007926
674, -0.020750, -0.475263, 0.673136, 0.021958, -0.176165, -0.023304, 0.008804
675, -0.020632, -0.506053, 0.725395, 0.022259, -0.191312, -0.025705, 0.010827
676, -0.020211, -0.548312, 0.795758, 0.028514, -0.208387, -0.034279, 0.007163
677, -0.019474, -0.585813, 0.856143, 0.038713, -0.228210, -0.043227, 0.007735
678, -0.018154, -0.627702, 0.923638, 0.049396, -0.255110, -0.053874, 0.007911
679, -0.016752, -0.664194, 0.982105, 0.056372, -0.279078, -0.061434, 0.008147
680, -0.015573, -0.695264, 1.031136, 0.061321, -0.297404, -0.065616, 0.007712
681, -0.014570, -0.741158, 1.102155, 0.064918, -0.324641, -0.067379, 0.007598
682, -0.014429, -0.789796, 1.177128, 0.066178, -0.354316, -0.067379, 0.007842
683, -0.014591, -0.813690, 1.214615, 0.066169, -0.369830, -0.067379, 0.008163
684, -0.014739, -0.842489, 1.259340, 0.066215, -0.386439, -0.067333, 0.007873
685, -0.014643, -0.880522, 1.319077, 0.066169, -0.407896, -0.067196, 0.008094
686, -0.014311, -0.917470, 1.376889, 0.066151, -0.427199, -0.067013, 0.007903
687, -0.013913, -0.948666, 1.425857, 0.066060, -0.443588, -0.066730, 0.007903
688, -0.013677, -0.978829, 1.473130, 0.065165, -0.459440, -0.064977, 0.007888
689, -0.013522, -1.016449, 1.531382, 0.064571, -0.477610, -0.062338, 0.007712
690, -0.013485, -1.041022, 1.569556, 0.064407, -0.491370, -0.062220, 0.008056
691, -0.013522, -1.073213, 1.618475, 0.062818, -0.505112, -0.061882, 0.007743
692, -0.013508, -1.096260, 1.654604, 0.059969, -0.518105, -0.060147, 0.007949
693, -0.013331, -1.122493, 1.694927, 0.059431, -0.531053, -0.057745, 0.007728
694, -0.012999, -1.161521, 1.757133, 0.059385, -0.553414, -0.057070, 0.008048
695, -0.012881, -1.182133, 1.790065, 0.059312, -0.562673, -0.057079, 0.007834
696, -0.012748, -1.201146, 1.822047, 0.059065, -0.573146, -0.057052, 0.007911
697, -0.012637, -1.221420, 1.856754, 0.058865, -0.584852, -0.056960, 0.007705
698, -0.012460, -1.240941, 1.891979, 0.058554, -0.596850, -0.056787, 0.007980
699, -0.012387, -1.253700, 1.915884, 0.058444, -0.605944, -0.055910, 0.007751
700, -0.012195, -1.268958, 1.945349, 0.058207, -0.618106, -0.052650, 0.007888
701, -0.012091, -1.282971, 1.972162, 0.056774, -0.626936, -0.051308, 0.007720
702, -0.011819, -1.294328, 1.994077, 0.056354, -0.634578, -0.051299, 0.007735
703, -0.011413, -1.307271, 2.018181, 0.056363, -0.645179, -0.051262, 0.007949
704, -0.011236, -1.319528, 2.038682, 0.056354, -0.651041, -0.051281, 0.007773
705, -0.011192, -1.330376, 2.056227, 0.056354, -0.656136, -0.051299, 0.007827
706, -0.011221, -1.342877, 2.076512, 0.056344, -0.662418, -0.051290, 0.007918
707, -0.011199, -1.357133, 2.100153, 0.056326, -0.671330, -0.051253, 0.007873
708, -0.011015, -1.373387, 2.126399, 0.056344, -0.679009, -0.051281, 0.007812
709, -0.010911, -1.382532, 2.140972, 0.056299, -0.683173, -0.051272, 0.007926
710, -0.010772, -1.397215, 2.164309, 0.056281, -0.688852, -0.051226, 0.007888
711, -0.010425, -1.414177, 2.190914, 0.056271, -0.696221, -0.051217, 0.007773
712, -0.010181, -1.423876, 2.205654, 0.056281, -0.700485, -0.051235, 0.007796
713, -0.009828, -1.443596, 2.235016, 0.056281, -0.708292, -0.051189, 0.007804
714, -0.009761, -1.455979, 2.252545, 0.056262, -0.711424, -0.051171, 0.007819
715, -0.009709, -1.472933, 2.275818, 0.056271, -0.715596, -0.051098, 0.007880
716, -0.009481, -1.490780, 2.299059, 0.056290, -0.718253, -0.051080, 0.007857
717, -0.009120, -1.507182, 2.319001, 0.056290, -0.719997, -0.051080, 0.007796
718, -0.008810, -1.524056, 2.338759, 0.056271, -0.722974, -0.051098, 0.008025
719, -0.008552, -1.547243, 2.364405, 0.056262, -0.723074, -0.051080, 0.007934
720, -0.008338, -1.566816, 2.385018, 0.056253, -0.723102, -0.051071, 0.007842
721, -0.008013, -1.587495, 2.406174, 0.056262, -0.723138, -0.051062, 0.007957
722, -0.007696, -1.614805, 2.434170, 0.056281, -0.723129, -0.051080, 0.007842
723, -0.007586, -1.633515, 2.453073, 0.056244, -0.723175, -0.051089, 0.007964
724, -0.007283, -1.659268, 2.478575, 0.056271, -0.723138, -0.051089, 0.007857
725, -0.006730, -1.685530, 2.504461, 0.056262, -0.723047, -0.051089, 0.007842
726, -0.006140, -1.709476, 2.527327, 0.056244, -0.722682, -0.051098, 0.007896
727, -0.005550, -1.735141, 2.550353, 0.056271, -0.720426, -0.051089, 0.007834
728, -0.005034, -1.764869, 2.574321, 0.056262, -0.714245, -0.051089, 0.007781
729, -0.004628, -1.799081, 2.599736, 0.056271, -0.704594, -0.051107, 0.007804
730, -0.004053, -1.842247, 2.630871, 0.056335, -0.694275, -0.051171, 0.007804
731, -0.003522, -1.882550, 2.658938, 0.056710, -0.683830, -0.051235, 0.007995
732, -0.003212, -1.930709, 2.690752, 0.057285, -0.666573, -0.051399, 0.007789
733, -0.002644, -1.974848, 2.718875, 0.058837, -0.651333, -0.052094, 0.008033
734, -0.002320, -2.021833, 2.746430, 0.059951, -0.630415, -0.053947, 0.007689
735, -0.002342, -2.078642, 2.778205, 0.061111, -0.605195, -0.055591, 0.007819
736, -0.002401, -2.130982, 2.805784, 0.061239, -0.579994, -0.057581, 0.008025
737, -0.004282, -2.201700, 2.839204, 0.061239, -0.539681, -0.058001, 0.007918
738, -0.008058, -2.257432, 2.862597, 0.059412, -0.501259, -0.057937, 0.007522
739, -0.013006, -2.312589, 2.883171, 0.056144, -0.459440, -0.057070, 0.007651
740, -0.017623, -2.371684, 2.903687, 0.050683, -0.416242, -0.051993, 0.008018
741, -0.019216, -2.417969, 2.918164, 0.045004, -0.382248, -0.047683, 0.007644
742, -0.021074, -2.466238, 2.931004, 0.037124, -0.343615, -0.041675, 0.007476
743, -0.024083, -2.504941, 2.939728, 0.031463, -0.311328, -0.036662, 0.007651
744, -0.026716, -2.541226, 2.946903, 0.028203, -0.282046, -0.032727, 0.007667
745, -0.027911, -2.573948, 2.953047, 0.023629, -0.256598, -0.029339, 0.007766
746, -0.028471, -2.603212, 2.958088, 0.020387, -0.233734, -0.026180, 0.008033
747, -0.029976, -2.633154, 2.962961, 0.016790, -0.209447, -0.023313, 0.008132
748, -0.031466, -2.657351, 2.966669, 0.013302, -0.188382, -0.021058, 0.007735
749, -0.032306, -2.680073, 2.970376, 0.011713, -0.170513, -0.018574, 0.007941
750, -0.032609, -2.698105, 2.973540, 0.009640, -0.155857, -0.017277, 0.007918
751, -0.033361, -2.721107, 2.977311, 0.005549, -0.136235, -0.014602, 0.007743
752, -0.034046, -2.742472, 2.981481, 0.004454, -0.120275, -0.012356, 0.008056
753, -0.034253, -2.759280, 2.984669, 0.004372, -0.105848, -0.009991, 0.007773
754, -0.034386, -2.776146, 2.988688, 0.003623, -0.095128, -0.008896, 0.007987
755, -0.034636, -2.790497, 2.992075, 0.001076, -0.083185, -0.008905, 0.007903
756, -0.034865, -2.801331, 2.995007, -0.002020, -0.075178, -0.008877, 0.007819
757, -0.035219, -2.811723, 2.998291, -0.002860, -0.069023, -0.008786, 0.007964
758, -0.035588, -2.820565, 3.001199, -0.002933, -0.064083, -0.006311, 0.007903
759, -0.035691, -2.827040, 3.003468, -0.002960, -0.060760, -0.003682, 0.007865
760, -0.035691, -2.832903, 3.005569, -0.002979, -0.057299, -0.002367, 0.007995
761, -0.035787, -2.836886, 3.007199, -0.003042, -0.055208, -0.002266, 0.007842
762, -0.035949, -2.840190, 3.009005, -0.003088, -0.054916, -0.002276, 0.007880
763, -0.036038, -2.842513, 3.010547, -0.003125, -0.054880, -0.002276, 0.007873
764, -0.036156, -2.844025, 3.011929, -0.003161, -0.054889, -0.002248, 0.007903
765, -0.036429, -2.845006, 3.013191, -0.003189, -0.054889, -0.002248, 0.007827
766, -0.036547, -2.845588, 3.014310, -0.003189, -0.054989, -0.002276, 0.007819
767, -0.036525, -2.845559, 3.015053, -0.003216, -0.056112, -0.002230, 0.007735
768, -0.036576, -2.845345, 3.015876, -0.003225, -0.059920, -0.002239, 0.007796
769, -0.036606, -2.844755, 3.016859, -0.003243, -0.064677, -0.002221, 0.007857
770, -0.036621, -2.844135, 3.017442, -0.003243, -0.067809, -0.002239, 0.007804
771, -0.036643, -2.842741, 3.018584, -0.003243, -0.073972, -0.002239, 0.007827
772, -0.036635, -2.840890, 3.019631, -0.003243, -0.079232, -0.002239, 0.007949
773, -0.036643, -2.838383, 3.020558, -0.003234, -0.084564, -0.002221, 0.007964
774, -0.036650, -2.835964, 3.021277, -0.003243, -0.088061, -0.002248, 0.007934
775, -0.036650, -2.832940, 3.022267, -0.003253, -0.093330, -0.002230, 0.007918
776, -0.036635, -2.829105, 3.023314, -0.003262, -0.099557, -0.002239, 0.007751
777, -0.036657, -2.826421, 3.024209, -0.003234, -0.105565, -0.002239, 0.007918
778, -0.036665, -2.822638, 3.025160, -0.003243, -0.112586, -0.002257, 0.007903
779, -0.036672, -2.819201, 3.025735, -0.003262, -0.116978, -0.002221, 0.007773
780, -0.036665, -2.814178, 3.026574, -0.003225, -0.123215, -0.002248, 0.007949
781, -0.036650, -2.811752, 3.026973, -0.003243, -0.126529, -0.002266, 0.007819
782, -0.036665, -2.808382, 3.027612, -0.003234, -0.132327, -0.002257, 0.007834
783, -0.036635, -2.804480, 3.028451, -0.003225, -0.140171, -0.002321, 0.007873
784, -0.036643, -2.800999, 3.028875, -0.003234, -0.145348, -0.002285, 0.007827
785, -0.036621, -2.796744, 3.029250, -0.003243, -0.150534, -0.002331, 0.007926
786, -0.036635, -2.792975, 3.029650, -0.003234, -0.154634, -0.002331, 0.007896
787, -0.036628, -2.789376, 3.030105, -0.003234, -0.158926, -0.002349, 0.007896
788, -0.036584, -2.785483, 3.030768, -0.003198, -0.165472, -0.002376, 0.007865
789, -0.036569, -2.782319, 3.031240, -0.003189, -0.171416, -0.002367, 0.007758
790, -0.036569, -2.779221, 3.031495, -0.003216, -0.176457, -0.002403, 0.007903
791, -0.036525, -2.775932, 3.031543, -0.003198, -0.180264, -0.002403, 0.007911
792, -0.036517, -2.772746, 3.031711, -0.003234, -0.184126, -0.002440, 0.007812
793, -0.036510, -2.769612, 3.031967, -0.003207, -0.187532, -0.002486, 0.007773
794, -0.036444, -2.765496, 3.032574, -0.003180, -0.193285, -0.002522, 0.007728
795, -0.036407, -2.763358, 3.032965, -0.003189, -0.196837, -0.002568, 0.007735
796, -0.036355, -2.760172, 3.033572, -0.003198, -0.202489, -0.002604, 0.007819
797, -0.036325, -2.757178, 3.033780, -0.003170, -0.206607, -0.002677, 0.007842
798, -0.036266, -2.754574, 3.033844, -0.003180, -0.209830, -0.002769, 0.007735
799, -0.036237, -2.752008, 3.033884, -0.003161, -0.212606, -0.002796, 0.007789
800, -0.036163, -2.749441, 3.034028, -0.003170, -0.215984, -0.002842, 0.007873
801, -0.036075, -2.746654, 3.034180, -0.003170, -0.219226, -0.002915, 0.007812
802, -0.035986, -2.744323, 3.034411, -0.003152, -0.222129, -0.003079, 0.007781
803, -0.035816, -2.741742, 3.035003, -0.003152, -0.227370, -0.003143, 0.007865
804, -0.035721, -2.739950, 3.035338, -0.003152, -0.230493, -0.003180, 0.007888
805, -0.035691, -2.737531, 3.035841, -0.003143, -0.234803, -0.003253, 0.007980
806, -0.035618, -2.735186, 3.036081, -0.003134, -0.237487, -0.003307, 0.007865
807, -0.035588, -2.732899, 3.036137, -0.003097, -0.239204, -0.003435, 0.007812
808, -0.035573, -2.731225, 3.036313, -0.003106, -0.241331, -0.003526, 0.007758
809, -0.035559, -2.729515, 3.036449, -0.003097, -0.243477, -0.003609, 0.007804
810, -0.035522, -2.727767, 3.036505, -0.003070, -0.245623, -0.003700, 0.007804
811, -0.035492, -2.725842, 3.036481, -0.003033, -0.246974, -0.003864, 0.007857
812, -0.035441, -2.724138, 3.036473, -0.002997, -0.246901, -0.004102, 0.007980
813, -0.035404, -2.722626, 3.036577, -0.002988, -0.246956, -0.004193, 0.007804
814, -0.035359, -2.721181, 3.036744, -0.002933, -0.247248, -0.004312, 0.007834
815, -0.035286, -2.719684, 3.037535, -0.002915, -0.253302, -0.004540, 0.007941
816, -0.035249, -2.718828, 3.037799, -0.002906, -0.257000, -0.004568, 0.007857
817, -0.035212, -2.717545, 3.037943, -0.002851, -0.261520, -0.004595, 0.007964
818, -0.035160, -2.715981, 3.037871, -0.002841, -0.264578, -0.004613, 0.007918
819, -0.035138, -2.715008, 3.037879, -0.002814, -0.264770, -0.004622, 0.007873
820, -0.035086, -2.713813, 3.038087, -0.002769, -0.264752, -0.004632, 0.007850
821, -0.035035, -2.712692, 3.038318, -0.002769, -0.264761, -0.004650, 0.007758
822, -0.034991, -2.711984, 3.038526, -0.002741, -0.265044, -0.004659, 0.007773
823, -0.034909, -2.710797, 3.039189, -0.002714, -0.269491, -0.004686, 0.007911
