# Arm joint positions + body pose collected at 50.0 Hz
# Timestamp: 20251117_231937
# Format: timestep, timestamp_utc, arm0.sh0, arm0.sh1, arm0.el0, arm0.el1, arm0.wr0, arm0.wr1, gripper_open_percentage, body_x, body_y, body_z, body_theta
# Body pose is in odom frame (x, y, z in meters, theta in radians)

0, 1763439577.8253708, -0.015550613403320312, -0.76863694190979, 2.0745229721069336, 0.024441242218017578, -1.3340001106262207, -0.010319948196411133, 0.967047119140625, -1.8428326782201636, -5.149166774848475, -4.02799334678413, -0.21191301019666042
1, 1763439577.833878, -0.015542984008789062, -0.76863694190979, 2.074514865875244, 0.0244596004486084, -1.3340001106262207, -0.010338068008422852, 0.9670624542236328, -1.8428281895432408, -5.14916234624852, -4.0279906904023735, -0.21191224343844617
2, 1763439577.8560839, -0.015542984008789062, -0.7686517238616943, 2.0745229721069336, 0.024441242218017578, -1.3340001106262207, -0.010365486145019531, 0.9670394897460938, -1.8428281778230948, -5.149158625285734, -4.027994015726159, -0.21189885286894494
3, 1763439577.882093, -0.015550613403320312, -0.7686445713043213, 2.074514865875244, 0.024441242218017578, -1.3339910507202148, -0.010329008102416992, 0.9670624542236328, -1.8428333091160223, -5.149152546660514, -4.027997538049784, -0.21190217865377914
4, 1763439577.8989508, -0.015542984008789062, -0.7686445713043213, 2.074531078338623, 0.024450302124023438, -1.333981990814209, -0.010347366333007812, 0.967047119140625, -1.8428293873299562, -5.149151356622956, -4.027993670746948, -0.21188404964889962
5, 1763439577.918798, -0.015550613403320312, -0.76863694190979, 2.074531078338623, 0.024468660354614258, -1.3340001106262207, -0.010338068008422852, 0.9670547485351563, -1.8428331212793174, -5.149148326914461, -4.0279955313789815, -0.21189230954158056
6, 1763439577.943229, -0.015535593032836914, -0.76863694190979, 2.0745229721069336, 0.024441242218017578, -1.3340001106262207, -0.010338068008422852, 0.9670547485351563, -1.8428378094437865, -5.149148182709795, -4.027996876919841, -0.21188203270776906
7, 1763439577.9655218, -0.015550613403320312, -0.768629789352417, 2.0745229721069336, 0.0244596004486084, -1.3340094089508057, -0.010329008102416992, 0.967047119140625, -1.8428344414172075, -5.149143330663827, -4.027998171529444, -0.2118801833294066
8, 1763439577.989544, -0.015542984008789062, -0.7686445713043213, 2.0745229721069336, 0.024450302124023438, -1.333981990814209, -0.010356426239013672, 0.9670394897460938, -1.8428358587219895, -5.149149852420717, -4.027995054419587, -0.21188943243556668
9, 1763439578.011708, -0.01555776596069336, -0.7686517238616943, 2.074531078338623, 0.024441242218017578, -1.3340094089508057, -0.010347366333007812, 0.967047119140625, -1.8428306479085244, -5.149149923612777, -4.027995347500278, -0.21188215732589466
10, 1763439578.034716, -0.01555776596069336, -0.76863694190979, 2.074514865875244, 0.024450302124023438, -1.3340094089508057, -0.010356426239013672, 0.9670394897460938, -1.842819795318885, -5.149165570068253, -4.027992311958002, -0.21188910926386129
11, 1763439578.056888, -0.015572547912597656, -0.7686445713043213, 2.074531078338623, 0.024450302124023438, -1.3339910507202148, -0.010347366333007812, 0.9670547485351563, -1.842819515727194, -5.149168584828589, -4.0279932758591555, -0.2118964118237221
12, 1763439578.079574, -0.015550613403320312, -0.7686445713043213, 2.0745229721069336, 0.024450302124023438, -1.3339910507202148, -0.010356426239013672, 0.967047119140625, -1.8428230589263963, -5.14917618844876, -4.027993091331355, -0.21190906087582384
13, 1763439578.097676, -0.01555776596069336, -0.7686590552330017, 2.074531078338623, 0.024468660354614258, -1.3340277671813965, -0.010329008102416992, 0.9670547485351563, -1.842824441832926, -5.149179556496745, -4.027989972260218, -0.21190790033307216
14, 1763439578.12133, -0.015542984008789062, -0.7686517238616943, 2.074531078338623, 0.024441242218017578, -1.3339729309082031, -0.010356426239013672, 0.9670319366455078, -1.8428277748925814, -5.149185332685186, -4.027993819695727, -0.2119002374189103
15, 1763439578.146338, -0.015550613403320312, -0.7686517238616943, 2.074531078338623, 0.024441242218017578, -1.3339729309082031, -0.010329008102416992, 0.9670394897460938, -1.8428322410440945, -5.149184197929277, -4.027992377689146, -0.21192133982228079
16, 1763439578.166392, -0.015535593032836914, -0.76863694190979, 2.074531078338623, 0.0244596004486084, -1.3339910507202148, -0.010338068008422852, 0.9670394897460938, -1.842821987439255, -5.149186340401341, -4.027987623928014, -0.21194063226098603
17, 1763439578.193131, -0.01555776596069336, -0.7686517238616943, 2.074531078338623, 0.024441242218017578, -1.3339910507202148, -0.010356426239013672, 0.967047119140625, -1.8428263619672234, -5.149181906949904, -4.027995357336725, -0.2119253301194144
18, 1763439578.2115672, -0.015535593032836914, -0.768629789352417, 2.074514865875244, 0.024450302124023438, -1.3339910507202148, -0.010310888290405273, 0.967047119140625, -1.8428233236967473, -5.149184500824559, -4.027992575668013, -0.2119305734581829
19, 1763439578.2349591, -0.015535593032836914, -0.768629789352417, 2.0745229721069336, 0.024450302124023438, -1.3340277671813965, -0.010347366333007812, 0.967047119140625, -1.8428216974189326, -5.149186877795218, -4.027988870644757, -0.21194028075196591
20, 1763439578.25764, -0.015528202056884766, -0.768629789352417, 2.0745229721069336, 0.024477720260620117, -1.3339910507202148, -0.010356426239013672, 0.967047119140625, -1.842826014326266, -5.149185200050752, -4.027993637104958, -0.211903612122601
21, 1763439578.2803571, -0.015535593032836914, -0.7686223387718201, 2.074531078338623, 0.024441242218017578, -1.3340094089508057, -0.010356426239013672, 0.9670624542236328, -1.842823237480843, -5.149182984423208, -4.0279923225582674, -0.21189853413011495
22, 1763439578.3005052, -0.015535593032836914, -0.7686517238616943, 2.0745229721069336, 0.0244596004486084, -1.3340001106262207, -0.010338068008422852, 0.9670394897460938, -1.8428116857442092, -5.149187043153007, -4.027989709135917, -0.21189215924747007
23, 1763439578.320885, -0.015528202056884766, -0.7686445713043213, 2.0745229721069336, 0.0244596004486084, -1.3340001106262207, -0.010338068008422852, 0.9670624542236328, -1.8428221072914863, -5.1491807358414645, -4.027994806159418, -0.21189088825474478
24, 1763439578.344275, -0.015528202056884766, -0.7686445713043213, 2.0745229721069336, 0.02443218231201172, -1.333981990814209, -0.010347366333007812, 0.9670700073242188, -1.8428153183056273, -5.149179027771979, -4.027994910709137, -0.2118904745513941
25, 1763439578.365458, -0.015542984008789062, -0.76863694190979, 2.0745229721069336, 0.024468660354614258, -1.3340187072753906, -0.010319948196411133, 0.9670394897460938, -1.8428095530909718, -5.1491870236568085, -4.0279934964465625, -0.21188534763626787
26, 1763439578.396585, -0.015528202056884766, -0.7686517238616943, 2.074531078338623, 0.024441242218017578, -1.3339910507202148, -0.010338068008422852, 0.967047119140625, -1.8428113524425467, -5.149197305886431, -4.027994268736266, -0.2118914422949718
27, 1763439578.4104068, -0.015535593032836914, -0.7686445713043213, 2.0745229721069336, 0.024450302124023438, -1.3339910507202148, -0.010365486145019531, 0.9670700073242188, -1.842820084454477, -5.149207804977457, -4.027998787764046, -0.21189671308806268
28, 1763439578.434305, -0.015535593032836914, -0.7686517238616943, 2.074531078338623, 0.024441242218017578, -1.3340094089508057, -0.010338068008422852, 0.967047119140625, -1.8428072951522707, -5.149208039255192, -4.027986965283582, -0.21189916454029945
29, 1763439578.453253, -0.015542984008789062, -0.7686445713043213, 2.074531078338623, 0.0244596004486084, -1.3340001106262207, -0.010338068008422852, 0.9670547485351563, -1.8428219956537415, -5.149214688139422, -4.0279953538532185, -0.21191612262764448
30, 1763439578.4837492, -0.015535593032836914, -0.7686445713043213, 2.0745229721069336, 0.024450302124023438, -1.3339910507202148, -0.010329008102416992, 0.967047119140625, -1.8428158317490377, -5.149227029854914, -4.027996214866075, -0.21195127131087332
31, 1763439578.500764, -0.015513420104980469, -0.7686517238616943, 2.074531078338623, 0.0244596004486084, -1.3339729309082031, -0.010329008102416992, 0.9670547485351563, -1.8428068078531943, -5.14922752872554, -4.027988085698393, -0.21195664812590476
32, 1763439578.517138, -0.015461921691894531, -0.7686445713043213, 2.074531078338623, 0.024441242218017578, -1.3340094089508057, -0.010374784469604492, 0.9670547485351563, -1.8428119746324556, -5.149240702783262, -4.027990769221126, -0.21196740112091383
33, 1763439578.542845, -0.015424966812133789, -0.768666684627533, 2.074531078338623, 0.0244596004486084, -1.3339729309082031, -0.010338068008422852, 0.9670624542236328, -1.8428177621907418, -5.149247010239383, -4.027990922000817, -0.21197753028963007
34, 1763439578.564955, -0.01537322998046875, -0.76863694190979, 2.074531078338623, 0.024441242218017578, -1.3340001106262207, -0.010356426239013672, 0.9670319366455078, -1.8428096072201121, -5.149241631220917, -4.027987710689781, -0.2119950936085111
35, 1763439578.586088, -0.015351295471191406, -0.7686445713043213, 2.074531078338623, 0.0244596004486084, -1.333981990814209, -0.010347366333007812, 0.9670394897460938, -1.8428095441465637, -5.149242880999501, -4.027989595615536, -0.21199021061448153
36, 1763439578.6086552, -0.01533651351928711, -0.7686738967895508, 2.0745229721069336, 0.024441242218017578, -1.3339729309082031, -0.010347366333007812, 0.9670624542236328, -1.8428057429909654, -5.149244190922928, -4.0279919152807535, -0.21196841937075472
37, 1763439578.630306, -0.01533651351928711, -0.768666684627533, 2.074531078338623, 0.0244596004486084, -1.3340001106262207, -0.010338068008422852, 0.9670624542236328, -1.8427942975807263, -5.14922986781819, -4.0279906478006, -0.21194200007886277
38, 1763439578.650928, -0.015321731567382812, -0.76863694190979, 2.074531078338623, 0.0244596004486084, -1.3339910507202148, -0.010347366333007812, 0.9670624542236328, -1.8427991689088117, -5.149228149035013, -4.0279942982683465, -0.21194631951650145
39, 1763439578.676521, -0.015329360961914062, -0.7686590552330017, 2.074531078338623, 0.024450302124023438, -1.333981990814209, -0.010310888290405273, 0.967047119140625, -1.8427996082762748, -5.1492219366759375, -4.027993412892781, -0.21193538634412956
40, 1763439578.694829, -0.01533651351928711, -0.7686517238616943, 2.0745229721069336, 0.0244596004486084, -1.3340187072753906, -0.010374784469604492, 0.9670700073242188, -1.842792684609728, -5.1492094124316194, -4.027995761449856, -0.21193782894628121
41, 1763439578.717918, -0.015351295471191406, -0.768666684627533, 2.074531078338623, 0.024468660354614258, -1.3340094089508057, -0.010338068008422852, 0.967047119140625, -1.8427997027745309, -5.149216225791292, -4.028000339349677, -0.2119372461375555
42, 1763439578.7411149, -0.01533651351928711, -0.7686517238616943, 2.0745389461517334, 0.024450302124023438, -1.3340094089508057, -0.010338068008422852, 0.967047119140625, -1.842795296542329, -5.149214670797436, -4.027997042392712, -0.2119412096444817
43, 1763439578.762335, -0.01533651351928711, -0.7686590552330017, 2.074531078338623, 0.024450302124023438, -1.3340094089508057, -0.010347366333007812, 0.9670547485351563, -1.8427950001132438, -5.149212616041818, -4.027996493011747, -0.2119398903778995
44, 1763439578.7874591, -0.015343904495239258, -0.7686517238616943, 2.074514865875244, 0.024468660354614258, -1.3340094089508057, -0.010338068008422852, 0.9670547485351563, -1.8428016749101124, -5.149219911835023, -4.0280005042693245, -0.21193242246522992
45, 1763439578.811996, -0.01533651351928711, -0.7686517238616943, 2.0745229721069336, 0.024450302124023438, -1.3340094089508057, -0.010365486145019531, 0.9670624542236328, -1.8428008812927479, -5.149219292967303, -4.027994259422673, -0.21193582084860907
46, 1763439578.82922, -0.01533651351928711, -0.7686517238616943, 2.0745229721069336, 0.024441242218017578, -1.3339910507202148, -0.010347366333007812, 0.9670547485351563, -1.8428011926647878, -5.1492239941137115, -4.02798930082552, -0.2119359394921645
47, 1763439578.851486, -0.015343904495239258, -0.768666684627533, 2.0745229721069336, 0.0244596004486084, -1.3339638710021973, -0.010329008102416992, 0.9670394897460938, -1.8428092277770145, -5.14923923490714, -4.027995580890951, -0.21196722473308682
48, 1763439578.876759, -0.015299558639526367, -0.768666684627533, 2.0745229721069336, 0.0244596004486084, -1.3340094089508057, -0.010347366333007812, 0.967047119140625, -1.8428078531268128, -5.1492401413365725, -4.027992802630001, -0.2119941867471411
49, 1763439578.89471, -0.015306949615478516, -0.7686590552330017, 2.0745389461517334, 0.024450302124023438, -1.3340094089508057, -0.010319948196411133, 0.9670547485351563, -1.8428140909356092, -5.149244504818959, -4.027991731159005, -0.2120323302381646
50, 1763439578.917438, -0.015292167663574219, -0.7686590552330017, 2.074531078338623, 0.024468660354614258, -1.3340001106262207, -0.010338068008422852, 0.9670624542236328, -1.8428284716602104, -5.149248374047414, -4.027998697264365, -0.21203648434035305
51, 1763439578.940104, -0.015269994735717773, -0.7686590552330017, 2.074531078338623, 0.0244596004486084, -1.3340001106262207, -0.010338068008422852, 0.9670547485351563, -1.8428152145139083, -5.149246803628446, -4.027990915524516, -0.2120359971432162
52, 1763439578.961226, -0.01524806022644043, -0.7686445713043213, 2.074531078338623, 0.0244596004486084, -1.3339910507202148, -0.010329008102416992, 0.9670394897460938, -1.8428124784863362, -5.149245931251166, -4.027990915200372, -0.21204225495261575
53, 1763439578.9834611, -0.015233278274536133, -0.7686590552330017, 2.0745229721069336, 0.024441242218017578, -1.3339910507202148, -0.010356426239013672, 0.9670547485351563, -1.8428176403136174, -5.149248667674431, -4.027998548305419, -0.21202509081392584
54, 1763439579.008956, -0.015218734741210938, -0.7686590552330017, 2.074531078338623, 0.024441242218017578, -1.3340187072753906, -0.010356426239013672, 0.967047119140625, -1.8428087719016766, -5.149242990092233, -4.0279902655138065, -0.21199679248244507
55, 1763439579.029058, -0.015218734741210938, -0.7686590552330017, 2.0745229721069336, 0.0244596004486084, -1.3339910507202148, -0.010338068008422852, 0.9670700073242188, -1.8428138133691303, -5.149239998145045, -4.027989357119123, -0.2119979284204847
56, 1763439579.05071, -0.015225887298583984, -0.7686445713043213, 2.0745229721069336, 0.0244596004486084, -1.3339910507202148, -0.010356426239013672, 0.967047119140625, -1.8428273682125076, -5.149243996434778, -4.028000985740263, -0.21198732972478496
57, 1763439579.075466, -0.015218734741210938, -0.76863694190979, 2.074531078338623, 0.024450302124023438, -1.3340001106262207, -0.010329008102416992, 0.9670624542236328, -1.8428139610220855, -5.149242011387095, -4.0279938702093165, -0.21199818874644816
58, 1763439579.099283, -0.015225887298583984, -0.7686590552330017, 2.074531078338623, 0.0244596004486084, -1.3339638710021973, -0.010319948196411133, 0.9670700073242188, -1.8428297367866888, -5.149233549184689, -4.028003827533569, -0.21198895065316137
59, 1763439579.118824, -0.015225887298583984, -0.768666684627533, 2.0745229721069336, 0.024468660354614258, -1.3339910507202148, -0.010338068008422852, 0.9670547485351563, -1.8428378738721545, -5.1492359004189785, -4.028007692780667, -0.211969291209817
60, 1763439579.141207, -0.015211105346679688, -0.7686590552330017, 2.074531078338623, 0.0244596004486084, -1.3339910507202148, -0.010319948196411133, 0.967047119140625, -1.842827033181616, -5.149243794604932, -4.0280024654940005, -0.21197100270268
61, 1763439579.162495, -0.015218734741210938, -0.7686517238616943, 2.074531078338623, 0.024450302124023438, -1.3339729309082031, -0.010319948196411133, 0.967047119140625, -1.8428266120731798, -5.149243914543193, -4.027998559273749, -0.2119575209112723
62, 1763439579.18836, -0.015203714370727539, -0.768666684627533, 2.0745229721069336, 0.024468660354614258, -1.3340001106262207, -0.010347366333007812, 0.967047119140625, -1.8428300512717684, -5.149247120962427, -4.028004976043712, -0.21193831899479854
63, 1763439579.20837, -0.01519632339477539, -0.768666684627533, 2.074531078338623, 0.024450302124023438, -1.3340094089508057, -0.010338068008422852, 0.9670547485351563, -1.8428149125041564, -5.149250428953016, -4.027996961620319, -0.2119421231431735
64, 1763439579.229323, -0.015211105346679688, -0.768666684627533, 2.0745229721069336, 0.0244596004486084, -1.3340001106262207, -0.010338068008422852, 0.9670624542236328, -1.842820119377075, -5.1492608818024745, -4.027997172663684, -0.2119426822792061
65, 1763439579.251948, -0.015211105346679688, -0.768666684627533, 2.0745229721069336, 0.024450302124023438, -1.3340001106262207, -0.010338068008422852, 0.9670547485351563, -1.8428187107518887, -5.149264907104453, -4.02799901458994, -0.21196055987806783
66, 1763439579.275379, -0.01519632339477539, -0.7686517238616943, 2.0745229721069336, 0.024468660354614258, -1.3340001106262207, -0.010338068008422852, 0.9670624542236328, -1.8428157758443797, -5.1492732390923335, -4.027995039880936, -0.21199319911163705
67, 1763439579.297888, -0.01519632339477539, -0.7686590552330017, 2.074531078338623, 0.024468660354614258, -1.3340094089508057, -0.010329008102416992, 0.9670624542236328, -1.8428206583520421, -5.149283477209144, -4.027996137908456, -0.21201509513715155
68, 1763439579.316322, -0.015181541442871094, -0.7686445713043213, 2.0745229721069336, 0.024441242218017578, -1.3339910507202148, -0.010338068008422852, 0.9670394897460938, -1.8428216720865689, -5.149288361106399, -4.027997759468319, -0.21203129090325135
69, 1763439579.341734, -0.015166997909545898, -0.7686590552330017, 2.074531078338623, 0.02443218231201172, -1.3339910507202148, -0.010356426239013672, 0.9670624542236328, -1.8428180992688696, -5.149288686877627, -4.027998691573998, -0.2120351544127379
70, 1763439579.362828, -0.015130043029785156, -0.768666684627533, 2.074531078338623, 0.0244596004486084, -1.3339910507202148, -0.010347366333007812, 0.9670547485351563, -1.8428082628927729, -5.1492927200179714, -4.027990464163786, -0.21204123867384528
71, 1763439579.387351, -0.015108108520507812, -0.7686590552330017, 2.0745389461517334, 0.024441242218017578, -1.3339910507202148, -0.010347366333007812, 0.9670624542236328, -1.8428064287950638, -5.149291886803807, -4.027992688108605, -0.21203286452364623
72, 1763439579.408641, -0.015108108520507812, -0.7686445713043213, 2.074514865875244, 0.024450302124023438, -1.333981990814209, -0.010347366333007812, 0.9670624542236328, -1.8428111334033928, -5.1492906796528155, -4.027991587219211, -0.21202208184461746
73, 1763439579.4288268, -0.015108108520507812, -0.7686517238616943, 2.074531078338623, 0.024450302124023438, -1.3340001106262207, -0.010347366333007812, 0.9670547485351563, -1.8428195049168656, -5.149289231219824, -4.0279920854505775, -0.21201531979896782
74, 1763439579.451875, -0.015100479125976562, -0.7686445713043213, 2.0745229721069336, 0.024450302124023438, -1.333981990814209, -0.010347366333007812, 0.967047119140625, -1.8428209524053858, -5.149284398732773, -4.027994751794274, -0.21201690665030792
75, 1763439579.479216, -0.015100479125976562, -0.768666684627533, 2.074531078338623, 0.024468660354614258, -1.3339910507202148, -0.010347366333007812, 0.9670547485351563, -1.8428164147865858, -5.149283398489023, -4.027994816921575, -0.2120177134980894
76, 1763439579.496074, -0.015093088150024414, -0.768666684627533, 2.074531078338623, 0.0244596004486084, -1.3339910507202148, -0.010347366333007812, 0.9670547485351563, -1.842818089254374, -5.149277340960652, -4.02799709480039, -0.212015825626791
77, 1763439579.517925, -0.015085697174072266, -0.768666684627533, 2.074531078338623, 0.024450302124023438, -1.3339729309082031, -0.010347366333007812, 0.967047119140625, -1.8428249691136835, -5.1492719352711065, -4.027997273349342, -0.21202323260609024
78, 1763439579.5403001, -0.015093088150024414, -0.768666684627533, 2.0745229721069336, 0.024477720260620117, -1.3339729309082031, -0.010338068008422852, 0.9670624542236328, -1.8428326662330143, -5.14926972926974, -4.0280035956734075, -0.21203121134595726
79, 1763439579.5624352, -0.015078306198120117, -0.768666684627533, 2.0745229721069336, 0.0244596004486084, -1.3340001106262207, -0.010338068008422852, 0.9670624542236328, -1.842833665185996, -5.149264249485396, -4.028000607255723, -0.2120254659839942
80, 1763439579.585067, -0.015070915222167969, -0.7686590552330017, 2.0745229721069336, 0.0244596004486084, -1.3339910507202148, -0.010338068008422852, 0.9670547485351563, -1.8428301303288932, -5.149258319561057, -4.028002850552007, -0.21202164415877967
81, 1763439579.609525, -0.015063762664794922, -0.7686517238616943, 2.0745229721069336, 0.024450302124023438, -1.3340001106262207, -0.010347366333007812, 0.967047119140625, -1.8428372048056598, -5.149264976654193, -4.028005201230893, -0.2120081816040944
82, 1763439579.627272, -0.015070915222167969, -0.7686517238616943, 2.0745229721069336, 0.024450302124023438, -1.3340187072753906, -0.010329008102416992, 0.967047119140625, -1.8428380508529048, -5.149275686061136, -4.028003375735273, -0.21202697427111872
83, 1763439579.651925, -0.015063762664794922, -0.768666684627533, 2.0745389461517334, 0.0244596004486084, -1.3339910507202148, -0.010338068008422852, 0.9670624542236328, -1.8428244325504057, -5.149275161604354, -4.027999854919283, -0.21202871543391488
84, 1763439579.671776, -0.015056371688842773, -0.768666684627533, 2.0745389461517334, 0.0244596004486084, -1.3340001106262207, -0.010347366333007812, 0.9670624542236328, -1.8428381158115972, -5.149280844392347, -4.028005055273265, -0.21204157055181927
85, 1763439579.6994061, -0.015048980712890625, -0.7686517238616943, 2.0745229721069336, 0.0244596004486084, -1.3340001106262207, -0.010356426239013672, 0.9670700073242188, -1.842841145243522, -5.149296028056891, -4.028005372374155, -0.21206827601757006
86, 1763439579.717489, -0.015056371688842773, -0.7686590552330017, 2.0745389461517334, 0.024450302124023438, -1.3340187072753906, -0.010347366333007812, 0.9670624542236328, -1.842829672784962, -5.149292146048175, -4.027998376054191, -0.21206322709294412
87, 1763439579.739733, -0.015041351318359375, -0.768666684627533, 2.074531078338623, 0.024468660354614258, -1.3340001106262207, -0.010329008102416992, 0.967047119140625, -1.8428330574555774, -5.149306354941893, -4.028002509443434, -0.2120865578565807
88, 1763439579.767285, -0.015012025833129883, -0.7686590552330017, 2.0745229721069336, 0.024450302124023438, -1.3339910507202148, -0.010347366333007812, 0.9670547485351563, -1.8428384719973954, -5.149326186496645, -4.028002260621811, -0.212103634625616
89, 1763439579.782003, -0.014982461929321289, -0.7686590552330017, 2.0745229721069336, 0.024450302124023438, -1.3339729309082031, -0.010356426239013672, 0.9670624542236328, -1.842838620158969, -5.149323094553213, -4.027999475400752, -0.21211497043938987
90, 1763439579.806515, -0.014916181564331055, -0.768666684627533, 2.074531078338623, 0.024441242218017578, -1.333981990814209, -0.010347366333007812, 0.967047119140625, -1.8428458426302736, -5.149319559344887, -4.028001762628776, -0.21211737514849638
91, 1763439579.826004, -0.014908790588378906, -0.7686517238616943, 2.0745229721069336, 0.0244596004486084, -1.3340187072753906, -0.010338068008422852, 0.9670700073242188, -1.8428384508017857, -5.14932202532514, -4.0279989987590215, -0.21210460739845072
92, 1763439579.847154, -0.014901399612426758, -0.7686590552330017, 2.0745229721069336, 0.02443218231201172, -1.333981990814209, -0.010356426239013672, 0.9670547485351563, -1.842840523918051, -5.149314775931581, -4.027997445659629, -0.21208576142244873
93, 1763439579.8743849, -0.014908790588378906, -0.768666684627533, 2.074531078338623, 0.024441242218017578, -1.3340001106262207, -0.010338068008422852, 0.9670394897460938, -1.8428436799881536, -5.149298974038474, -4.0280012360781905, -0.21207478374351396
94, 1763439579.913898, -0.014901399612426758, -0.768666684627533, 2.0745229721069336, 0.0244596004486084, -1.3340094089508057, -0.010356426239013672, 0.967047119140625, -1.842839903842152, -5.149287567072843, -4.02800236694223, -0.21205667165673425
95, 1763439579.921518, -0.014916181564331055, -0.768666684627533, 2.074531078338623, 0.024468660354614258, -1.3339910507202148, -0.010329008102416992, 0.9670394897460938, -1.8428454131727645, -5.149283807889443, -4.028007523394869, -0.21205634538928386
96, 1763439579.946197, -0.014923334121704102, -0.7686517238616943, 2.074531078338623, 0.024450302124023438, -1.3339910507202148, -0.010356426239013672, 0.9670547485351563, -1.8428511773126535, -5.149283825695613, -4.02800968928053, -0.21205664860655293
97, 1763439579.970098, -0.014923334121704102, -0.7686445713043213, 2.074531078338623, 0.0244596004486084, -1.3340094089508057, -0.010356426239013672, 0.9670777130126953, -1.8428468361316452, -5.149276845505403, -4.028010184674779, -0.21204506891041586
98, 1763439579.992687, -0.014916181564331055, -0.7686590552330017, 2.0745229721069336, 0.024441242218017578, -1.333981990814209, -0.010347366333007812, 0.9670547485351563, -1.8428415413212198, -5.149282516232639, -4.028009879390448, -0.2120698672687098
99, 1763439580.014396, -0.014923334121704102, -0.7686590552330017, 2.0745229721069336, 0.0244596004486084, -1.3339910507202148, -0.010338068008422852, 0.9670394897460938, -1.8428447717172052, -5.149289249021093, -4.0280114806589, -0.21206707696321736
100, 1763439580.031285, -0.014916181564331055, -0.7686590552330017, 2.0745229721069336, 0.024450302124023438, -1.333981990814209, -0.010338068008422852, 0.967047119140625, -1.8428447458800705, -5.149284601852015, -4.0280110850848585, -0.21204071479994546
101, 1763439580.053952, -0.014916181564331055, -0.768666684627533, 2.0745229721069336, 0.0244596004486084, -1.3340094089508057, -0.010338068008422852, 0.967047119140625, -1.8428356542783346, -5.149286432827492, -4.028007844744078, -0.21205293601873443
102, 1763439580.078071, -0.014923334121704102, -0.7686590552330017, 2.0745389461517334, 0.0244596004486084, -1.3340094089508057, -0.010319948196411133, 0.967047119140625, -1.8428382433358348, -5.149299772125201, -4.028003271229198, -0.21207608279163637
103, 1763439580.106072, -0.014916181564331055, -0.7686517238616943, 2.074531078338623, 0.024450302124023438, -1.3340001106262207, -0.010347366333007812, 0.9670700073242188, -1.8428390775816137, -5.149308994606634, -4.028006505079073, -0.21212376424073742
104, 1763439580.120586, -0.014908790588378906, -0.7686590552330017, 2.074514865875244, 0.024441242218017578, -1.3340094089508057, -0.010374784469604492, 0.9670700073242188, -1.8428373079266573, -5.149309325860086, -4.0280061885328395, -0.21213166602476718
105, 1763439580.144445, -0.014908790588378906, -0.7686738967895508, 2.074531078338623, 0.0244596004486084, -1.3340001106262207, -0.010347366333007812, 0.9670547485351563, -1.8428313412621766, -5.149327748063067, -4.028004125507997, -0.21214837204482162
106, 1763439580.167993, -0.014886856079101562, -0.7686738967895508, 2.074531078338623, 0.024441242218017578, -1.3340094089508057, -0.010347366333007812, 0.967047119140625, -1.8428383381903795, -5.149325110225488, -4.028004015679296, -0.21215614091168877
107, 1763439580.194602, -0.014886856079101562, -0.768666684627533, 2.0745229721069336, 0.024441242218017578, -1.3340001106262207, -0.010356426239013672, 0.9670547485351563, -1.8428323335261987, -5.149326980742326, -4.02800370496963, -0.21215512146534898
108, 1763439580.2128031, -0.014864444732666016, -0.7686590552330017, 2.074531078338623, 0.024450302124023438, -1.3340277671813965, -0.010329008102416992, 0.9670624542236328, -1.8428255653625212, -5.149326100428384, -4.028001443841169, -0.21213041368287744
109, 1763439580.234606, -0.014879226684570312, -0.7686738967895508, 2.0745229721069336, 0.024468660354614258, -1.333981990814209, -0.010365486145019531, 0.967047119140625, -1.842825498007099, -5.149326961110991, -4.028003210388785, -0.21212418715527015
110, 1763439580.25691, -0.014879226684570312, -0.768666684627533, 2.0745229721069336, 0.0244596004486084, -1.3340094089508057, -0.010356426239013672, 0.967047119140625, -1.8428232677941412, -5.149326507807739, -4.028001032326134, -0.21211893999304277
111, 1763439580.28296, -0.014886856079101562, -0.768666684627533, 2.0745229721069336, 0.0244596004486084, -1.3339910507202148, -0.010338068008422852, 0.9670547485351563, -1.842827199027968, -5.149322358624353, -4.028003211832804, -0.2121131930026099
112, 1763439580.3047109, -0.014886856079101562, -0.7686738967895508, 2.0745389461517334, 0.0244596004486084, -1.3340001106262207, -0.010329008102416992, 0.967047119140625, -1.8428397390725946, -5.1493105739668295, -4.028007024823638, -0.21210830397298874
113, 1763439580.326093, -0.014871835708618164, -0.76863694190979, 2.074531078338623, 0.024450302124023438, -1.3340094089508057, -0.010319948196411133, 0.967047119140625, -1.8428343005077044, -5.149307310222303, -4.028006355349228, -0.21209336219367358
114, 1763439580.349664, -0.014871835708618164, -0.7686517238616943, 2.0745229721069336, 0.024450302124023438, -1.3340094089508057, -0.010365486145019531, 0.9670547485351563, -1.8428359473456517, -5.14930320211797, -4.028011050490021, -0.21209415260321318
115, 1763439580.3724039, -0.014871835708618164, -0.768666684627533, 2.074531078338623, 0.024468660354614258, -1.3340094089508057, -0.010329008102416992, 0.9670319366455078, -1.8428410312564527, -5.149305781200432, -4.028011767147778, -0.21207249605450595
116, 1763439580.395419, -0.014879226684570312, -0.7686738967895508, 2.0745229721069336, 0.024450302124023438, -1.3339910507202148, -0.010329008102416992, 0.967047119140625, -1.8428454409084476, -5.149313229657974, -4.02801007951044, -0.212066180534225
117, 1763439580.41941, -0.014871835708618164, -0.7686517238616943, 2.0745229721069336, 0.0244596004486084, -1.3340094089508057, -0.010347366333007812, 0.9670547485351563, -1.8428463392558783, -5.1493090069187, -4.028011377079582, -0.21206074940647124
118, 1763439580.440662, -0.014871835708618164, -0.76863694190979, 2.074531078338623, 0.024450302124023438, -1.3340094089508057, -0.010356426239013672, 0.9670394897460938, -1.8428524842817473, -5.14930303144478, -4.0280120399610695, -0.21205304864604546
119, 1763439580.46013, -0.014879226684570312, -0.7686445713043213, 2.0745229721069336, 0.024450302124023438, -1.3339910507202148, -0.010347366333007812, 0.9670394897460938, -1.842850451194077, -5.149311963469351, -4.0280093667851204, -0.21206504800055903
120, 1763439580.485631, -0.014879226684570312, -0.7686517238616943, 2.074531078338623, 0.024441242218017578, -1.3340094089508057, -0.010329008102416992, 0.9670624542236328, -1.8428522887386136, -5.149311820618326, -4.028009681964544, -0.21207074827791494
121, 1763439580.505453, -0.014879226684570312, -0.76863694190979, 2.074514865875244, 0.024468660354614258, -1.3340187072753906, -0.010365486145019531, 0.9670700073242188, -1.8428518990185725, -5.1493069787806, -4.028007769794038, -0.2120970665257209
122, 1763439580.527512, -0.014879226684570312, -0.7686590552330017, 2.0745229721069336, 0.024450302124023438, -1.333981990814209, -0.010338068008422852, 0.967047119140625, -1.8428492395716771, -5.149313858513629, -4.02800781411704, -0.2121193355156148
123, 1763439580.54983, -0.014871835708618164, -0.7686517238616943, 2.0745229721069336, 0.024450302124023438, -1.3340001106262207, -0.010374784469604492, 0.9670624542236328, -1.8428486080790338, -5.149318522385455, -4.02800545067447, -0.21214163857150314
124, 1763439580.5729191, -0.014864444732666016, -0.7686517238616943, 2.0745229721069336, 0.024450302124023438, -1.3340001106262207, -0.010347366333007812, 0.9670319366455078, -1.8428515051289505, -5.149317964797152, -4.028001914955917, -0.2121542327550605
125, 1763439580.602321, -0.014857053756713867, -0.7686590552330017, 2.074531078338623, 0.024450302124023438, -1.3340001106262207, -0.010347366333007812, 0.9670547485351563, -1.8428464914188014, -5.14932763462792, -4.028000039085772, -0.21213585092607
126, 1763439580.618578, -0.014857053756713867, -0.7686517238616943, 2.0745229721069336, 0.024441242218017578, -1.3340001106262207, -0.010347366333007812, 0.967047119140625, -1.8428535236157289, -5.149324436439187, -4.027999889878171, -0.2121403763586054
127, 1763439580.6398919, -0.014842510223388672, -0.7686590552330017, 2.074531078338623, 0.024450302124023438, -1.3340001106262207, -0.010329008102416992, 0.9670547485351563, -1.8428551490248903, -5.149318380666903, -4.028001759526876, -0.2121371938854093
128, 1763439580.661559, -0.014857053756713867, -0.768666684627533, 2.074531078338623, 0.024468660354614258, -1.3340094089508057, -0.010329008102416992, 0.9670777130126953, -1.8428450914690773, -5.149321913561666, -4.027999847992339, -0.2121424223776769
129, 1763439580.687943, -0.014864444732666016, -0.768666684627533, 2.074514865875244, 0.0244596004486084, -1.3340001106262207, -0.010356426239013672, 0.9670547485351563, -1.8428416377508527, -5.149315923514648, -4.028003128879211, -0.21212323311566905
130, 1763439580.7056441, -0.014871835708618164, -0.768666684627533, 2.0745229721069336, 0.0244596004486084, -1.3340187072753906, -0.010356426239013672, 0.9670624542236328, -1.8428490281416638, -5.149299832131486, -4.0280079616201725, -0.21211240593757896
131, 1763439580.7284338, -0.014871835708618164, -0.7686517238616943, 2.074531078338623, 0.024468660354614258, -1.3339729309082031, -0.010347366333007812, 0.9670547485351563, -1.8428452581752666, -5.149291642515843, -4.028005536691398, -0.2120862602117679
132, 1763439580.752919, -0.014857053756713867, -0.768666684627533, 2.0745389461517334, 0.0244596004486084, -1.3339910507202148, -0.010347366333007812, 0.9670242309570313, -1.8428469736988897, -5.1492853566496315, -4.028012635189249, -0.2120735512104437
133, 1763439580.775614, -0.014879226684570312, -0.768666684627533, 2.0745229721069336, 0.024468660354614258, -1.333981990814209, -0.010365486145019531, 0.9670624542236328, -1.84284299843919, -5.14927830764137, -4.028011697975319, -0.21204431637184307
134, 1763439580.799016, -0.014886856079101562, -0.7686590552330017, 2.074531078338623, 0.024441242218017578, -1.3340094089508057, -0.010338068008422852, 0.967047119140625, -1.8428334264355524, -5.149280684150916, -4.028006935899832, -0.21203710942010723
135, 1763439580.8257868, -0.014886856079101562, -0.7686590552330017, 2.074531078338623, 0.0244596004486084, -1.3339729309082031, -0.010329008102416992, 0.967047119140625, -1.8428369797516422, -5.149280501740991, -4.028011225301969, -0.21202614377035545
136, 1763439580.8408241, -0.014886856079101562, -0.7686590552330017, 2.074514865875244, 0.024441242218017578, -1.3340001106262207, -0.010329008102416992, 0.967047119140625, -1.8428328131842144, -5.149275043761518, -4.028014556983641, -0.2120401358149051
137, 1763439580.865508, -0.014886856079101562, -0.7686517238616943, 2.0745389461517334, 0.024450302124023438, -1.3340001106262207, -0.010319948196411133, 0.9670547485351563, -1.8428264925232276, -5.149277722162662, -4.02801123440015, -0.21204449093332745
138, 1763439580.890423, -0.014908790588378906, -0.7686445713043213, 2.074531078338623, 0.024450302124023438, -1.3340001106262207, -0.010329008102416992, 0.967047119140625, -1.8428257100899794, -5.149285242096143, -4.028010011939079, -0.21207191928641578
139, 1763439580.912354, -0.014901399612426758, -0.7686738967895508, 2.074531078338623, 0.0244596004486084, -1.3339910507202148, -0.010347366333007812, 0.967047119140625, -1.8428331626912298, -5.14928899279294, -4.028009800231017, -0.2121038933429329
140, 1763439580.933236, -0.014901399612426758, -0.7686590552330017, 2.074531078338623, 0.024450302124023438, -1.3339638710021973, -0.010319948196411133, 0.9670547485351563, -1.8428339967369247, -5.149291485745885, -4.0280114144736014, -0.2121094096450058
141, 1763439580.954172, -0.01489400863647461, -0.7686590552330017, 2.0745229721069336, 0.024450302124023438, -1.3339910507202148, -0.010365486145019531, 0.9670624542236328, -1.8428302835681007, -5.149299001331832, -4.028006630195377, -0.2121352467210107
142, 1763439580.9739509, -0.014886856079101562, -0.7686590552330017, 2.074531078338623, 0.024450302124023438, -1.3340001106262207, -0.010338068008422852, 0.9670624542236328, -1.8428334663540993, -5.14929869487356, -4.028008910188427, -0.21213821661476295
143, 1763439580.99755, -0.014879226684570312, -0.7686517238616943, 2.0745389461517334, 0.024441242218017578, -1.3340001106262207, -0.010347366333007812, 0.9670700073242188, -1.8428360177699399, -5.149304853362218, -4.028008418174948, -0.21214616672883135
144, 1763439581.020685, -0.014864444732666016, -0.768666684627533, 2.0745229721069336, 0.024450302124023438, -1.3340094089508057, -0.010356426239013672, 0.9670700073242188, -1.8428177640803436, -5.149305161766338, -4.028002928139286, -0.2121572251669015
145, 1763439581.0430222, -0.014871835708618164, -0.7686590552330017, 2.0745229721069336, 0.0244596004486084, -1.3340094089508057, -0.010347366333007812, 0.9670624542236328, -1.8428284772177475, -5.149310107578923, -4.028007410241094, -0.21215146553410857
146, 1763439581.067171, -0.014871835708618164, -0.7686590552330017, 2.0745229721069336, 0.024468660354614258, -1.3339910507202148, -0.010356426239013672, 0.967047119140625, -1.8428450507945313, -5.149307208505067, -4.028009587027267, -0.21214820342912954
147, 1763439581.089739, -0.014864444732666016, -0.7686517238616943, 2.074531078338623, 0.024450302124023438, -1.3340001106262207, -0.010356426239013672, 0.967047119140625, -1.8428352038313276, -5.149315897883626, -4.02800696197368, -0.21215736742915148
148, 1763439581.108055, -0.014864444732666016, -0.7686517238616943, 2.0745229721069336, 0.0244596004486084, -1.3340001106262207, -0.010338068008422852, 0.9670624542236328, -1.842833194526648, -5.14931688945122, -4.02801215531547, -0.21214248058256757
149, 1763439581.1326878, -0.014864444732666016, -0.768666684627533, 2.0745229721069336, 0.024450302124023438, -1.3340001106262207, -0.010338068008422852, 0.9670547485351563, -1.842830669765212, -5.149314008108185, -4.028014773475179, -0.21214231744941436
150, 1763439581.153734, -0.014864444732666016, -0.768666684627533, 2.074531078338623, 0.024450302124023438, -1.3340001106262207, -0.010347366333007812, 0.9670700073242188, -1.8428245389492885, -5.149307309816915, -4.028011022132958, -0.2121166226339284
151, 1763439581.176275, -0.014857053756713867, -0.76863694190979, 2.0745389461517334, 0.0244596004486084, -1.3340001106262207, -0.010319948196411133, 0.9670700073242188, -1.8428214840169543, -5.149301940158881, -4.028016813474387, -0.21210657648247278
152, 1763439581.198548, -0.014871835708618164, -0.7686738967895508, 2.074531078338623, 0.024450302124023438, -1.3339910507202148, -0.010347366333007812, 0.9670700073242188, -1.8428146968606203, -5.149302006931701, -4.028018361967807, -0.21208549933578258
153, 1763439581.229888, -0.014864444732666016, -0.7686738967895508, 2.0745229721069336, 0.024450302124023438, -1.3339729309082031, -0.010338068008422852, 0.9670394897460938, -1.8428090385591718, -5.149291604532539, -4.028014900351169, -0.2120854696750989
154, 1763439581.2404952, -0.014864444732666016, -0.7686738967895508, 2.074531078338623, 0.0244596004486084, -1.333981990814209, -0.010338068008422852, 0.9670547485351563, -1.8428120745458023, -5.149292273400568, -4.028016014548466, -0.21210046916559122
155, 1763439581.2635741, -0.014871835708618164, -0.7686590552330017, 2.0745229721069336, 0.024450302124023438, -1.3339910507202148, -0.010329008102416992, 0.967047119140625, -1.8428253786099424, -5.149295420000803, -4.028019103052361, -0.21209756902520827
156, 1763439581.2915058, -0.014857053756713867, -0.7686517238616943, 2.0745229721069336, 0.0244596004486084, -1.3339729309082031, -0.010347366333007812, 0.9670547485351563, -1.842824777754023, -5.149300469862826, -4.0280204643212, -0.21210114255705914
157, 1763439581.307693, -0.014879226684570312, -0.7686445713043213, 2.074531078338623, 0.024441242218017578, -1.3340001106262207, -0.010329008102416992, 0.967047119140625, -1.8428214094375164, -5.149312386931593, -4.02801793436944, -0.2121032863517316
158, 1763439581.33405, -0.014864444732666016, -0.768666684627533, 2.074531078338623, 0.024441242218017578, -1.3339910507202148, -0.010329008102416992, 0.9670547485351563, -1.842825806237765, -5.149325749380484, -4.028014737046032, -0.21213240257915444
159, 1763439581.3522391, -0.014864444732666016, -0.768666684627533, 2.0745229721069336, 0.0244596004486084, -1.3339910507202148, -0.010347366333007812, 0.9670700073242188, -1.8428292559763464, -5.149333911079274, -4.028018451051422, -0.21213384715297678
160, 1763439581.374279, -0.014857053756713867, -0.7686517238616943, 2.074531078338623, 0.0244596004486084, -1.3340094089508057, -0.010347366333007812, 0.967047119140625, -1.8428267585974587, -5.1493459598131075, -4.02801652106616, -0.21213946507750236
161, 1763439581.4005399, -0.014864444732666016, -0.7686886787414551, 2.074531078338623, 0.024450302124023438, -1.333981990814209, -0.010347366333007812, 0.9670700073242188, -1.8428198305756234, -5.149352673357164, -4.028008220632575, -0.2121492420802671
162, 1763439581.421371, -0.014827728271484375, -0.7686738967895508, 2.074531078338623, 0.024450302124023438, -1.3340368270874023, -0.010347366333007812, 0.9670624542236328, -1.8428248875401354, -5.14935929057156, -4.028007342973865, -0.2121453801668931
163, 1763439581.442091, -0.014842510223388672, -0.7686445713043213, 2.0745389461517334, 0.0244596004486084, -1.3339910507202148, -0.010347366333007812, 0.9670547485351563, -1.8428297593739802, -5.149364257027556, -4.0280081493932585, -0.21213844014800998
164, 1763439581.470907, -0.014820098876953125, -0.768666684627533, 2.074531078338623, 0.024441242218017578, -1.3339910507202148, -0.010329008102416992, 0.9670547485351563, -1.8428271069413293, -5.149374166760981, -4.028013287009907, -0.21215680057721187
165, 1763439581.491507, -0.014820098876953125, -0.768666684627533, 2.0745229721069336, 0.024441242218017578, -1.3340001106262207, -0.010338068008422852, 0.967047119140625, -1.8428222667040504, -5.1493569570553035, -4.02801315097725, -0.21216033622543495
166, 1763439581.511498, -0.014820098876953125, -0.768666684627533, 2.074531078338623, 0.0244596004486084, -1.3339910507202148, -0.010338068008422852, 0.9670624542236328, -1.8428284130550248, -5.149356183057753, -4.028014436729281, -0.21214751133245446
167, 1763439581.5353081, -0.01480555534362793, -0.7686590552330017, 2.074531078338623, 0.024450302124023438, -1.3340001106262207, -0.010347366333007812, 0.967047119140625, -1.8428255112379546, -5.149352031178016, -4.0280127058227135, -0.21213664788076603
168, 1763439581.55365, -0.014798164367675781, -0.7686590552330017, 2.0745229721069336, 0.024468660354614258, -1.3339910507202148, -0.010347366333007812, 0.9670547485351563, -1.8428291745098162, -5.149343747309859, -4.028017601811317, -0.21213513738908052
169, 1763439581.577014, -0.01480555534362793, -0.7686738967895508, 2.074531078338623, 0.0244596004486084, -1.3340001106262207, -0.010329008102416992, 0.9670624542236328, -1.8428280031846502, -5.149336972073947, -4.028019105101115, -0.21208461832251668
170, 1763439581.601891, -0.014812707901000977, -0.7686590552330017, 2.0745229721069336, 0.024441242218017578, -1.3340001106262207, -0.010338068008422852, 0.9670700073242188, -1.8428291190781199, -5.149332997699841, -4.028019207250752, -0.21207729330284675
171, 1763439581.623759, -0.014827728271484375, -0.7686517238616943, 2.074531078338623, 0.0244596004486084, -1.3340187072753906, -0.010365486145019531, 0.9670547485351563, -1.8428357307271876, -5.149323482097704, -4.028022083241812, -0.21206957389008618
172, 1763439581.6444669, -0.014812707901000977, -0.7686812877655029, 2.074531078338623, 0.024477720260620117, -1.3340001106262207, -0.010329008102416992, 0.9670624542236328, -1.8428306407054627, -5.149319259148635, -4.028021950409029, -0.2120448238140007
173, 1763439581.673367, -0.014827728271484375, -0.7686517238616943, 2.0745229721069336, 0.024450302124023438, -1.3340094089508057, -0.010356426239013672, 0.9670700073242188, -1.8428300788107892, -5.149317105973859, -4.02801885201842, -0.21202400378570374
174, 1763439581.691875, -0.014835119247436523, -0.7686738967895508, 2.074531078338623, 0.024450302124023438, -1.3340001106262207, -0.010356426239013672, 0.9670547485351563, -1.8428319599302059, -5.149318275493693, -4.02802343263447, -0.21203813972740448
175, 1763439581.711445, -0.014842510223388672, -0.768666684627533, 2.074531078338623, 0.0244596004486084, -1.3339729309082031, -0.010319948196411133, 0.9670547485351563, -1.8428197934010777, -5.1493242058602435, -4.028022284823696, -0.21204090418861554
176, 1763439581.73695, -0.014842510223388672, -0.7686812877655029, 2.0745229721069336, 0.0244596004486084, -1.3340001106262207, -0.010347366333007812, 0.9670547485351563, -1.8428251860899134, -5.149320490417312, -4.028016517328014, -0.21205463209930286
177, 1763439581.756129, -0.014842510223388672, -0.768666684627533, 2.074531078338623, 0.024441242218017578, -1.3340001106262207, -0.010338068008422852, 0.967047119140625, -1.8428304991791202, -5.149322356012883, -4.028018108779049, -0.21206474360337157
178, 1763439581.7782762, -0.014842510223388672, -0.7686738967895508, 2.0745229721069336, 0.024450302124023438, -1.3339910507202148, -0.010347366333007812, 0.9670624542236328, -1.8428317421862697, -5.149329371758143, -4.028016681231423, -0.21207103768856062
179, 1763439581.80625, -0.014857053756713867, -0.768666684627533, 2.0745389461517334, 0.024441242218017578, -1.3340187072753906, -0.010347366333007812, 0.9670624542236328, -1.8428267050434815, -5.1493345029899285, -4.028016697772004, -0.21208577567085563
180, 1763439581.821988, -0.014842510223388672, -0.7686590552330017, 2.0745389461517334, 0.024441242218017578, -1.3340094089508057, -0.010347366333007812, 0.9670624542236328, -1.8428306367304863, -5.14933376261924, -4.028015705918273, -0.21211056803775108
181, 1763439581.844954, -0.014842510223388672, -0.7686812877655029, 2.074514865875244, 0.0244596004486084, -1.3340001106262207, -0.010347366333007812, 0.9670547485351563, -1.842821210975111, -5.149347421150978, -4.028015865072249, -0.21211326658377594
182, 1763439581.864751, -0.014835119247436523, -0.7686738967895508, 2.074531078338623, 0.024450302124023438, -1.3339910507202148, -0.010338068008422852, 0.9670700073242188, -1.8428218536938759, -5.1493370786853365, -4.028013551756404, -0.21213452331178395
183, 1763439581.894797, -0.014820098876953125, -0.768666684627533, 2.074531078338623, 0.024450302124023438, -1.3340001106262207, -0.010374784469604492, 0.9670700073242188, -1.8428343414399475, -5.149330529752346, -4.02801699906646, -0.2121327760977465
184, 1763439581.906847, -0.014827728271484375, -0.7686886787414551, 2.074531078338623, 0.0244596004486084, -1.3340187072753906, -0.010365486145019531, 0.9670700073242188, -1.8428332298879408, -5.149322570965881, -4.0280172871101, -0.212110259373107
185, 1763439581.9283562, -0.014827728271484375, -0.768666684627533, 2.074531078338623, 0.0244596004486084, -1.3340277671813965, -0.010356426239013672, 0.9670624542236328, -1.8428338938301225, -5.149322542282473, -4.028015551435849, -0.21211086961584869
186, 1763439581.951154, -0.014835119247436523, -0.7686590552330017, 2.0745229721069336, 0.0244596004486084, -1.3339729309082031, -0.010338068008422852, 0.9670547485351563, -1.842847953027809, -5.1493132093146725, -4.028019522430751, -0.21209720822559675
187, 1763439581.9747388, -0.014835119247436523, -0.7686590552330017, 2.0745468139648438, 0.024450302124023438, -1.3339910507202148, -0.010329008102416992, 0.9670624542236328, -1.8428422555989095, -5.149305102804853, -4.028023887399629, -0.2120820417955045
188, 1763439581.995446, -0.014849662780761719, -0.7686738967895508, 2.074531078338623, 0.024450302124023438, -1.3340094089508057, -0.010347366333007812, 0.9670624542236328, -1.8428358729467706, -5.1492942933524235, -4.028021939725879, -0.21207696380206809
189, 1763439582.015397, -0.014835119247436523, -0.7686590552330017, 2.0745229721069336, 0.024450302124023438, -1.333981990814209, -0.010338068008422852, 0.967047119140625, -1.8428451037954474, -5.149290064383413, -4.028028013173058, -0.2120839971962294
190, 1763439582.037877, -0.014835119247436523, -0.768666684627533, 2.0745229721069336, 0.024468660354614258, -1.3340001106262207, -0.010329008102416992, 0.967047119140625, -1.8428466706068736, -5.149281718637033, -4.028024349784392, -0.21208834908432816
191, 1763439582.0651672, -0.014827728271484375, -0.7686738967895508, 2.074531078338623, 0.024450302124023438, -1.3340094089508057, -0.010319948196411133, 0.9670624542236328, -1.842843318268533, -5.1492784293934015, -4.028027999189579, -0.21208565877410557
192, 1763439582.0863612, -0.014849662780761719, -0.7686886787414551, 2.074531078338623, 0.0244596004486084, -1.3340001106262207, -0.010347366333007812, 0.9670700073242188, -1.8428521153652286, -5.149275266770071, -4.028031204174553, -0.2120908702370956
193, 1763439582.104322, -0.014857053756713867, -0.768666684627533, 2.074531078338623, 0.0244596004486084, -1.3340001106262207, -0.010356426239013672, 0.9670547485351563, -1.8428512987837764, -5.149274514730442, -4.028028586949261, -0.21210764435589535
194, 1763439582.1257558, -0.014857053756713867, -0.768666684627533, 2.074531078338623, 0.0244596004486084, -1.3340094089508057, -0.010338068008422852, 0.9670777130126953, -1.842851398149937, -5.149274919261599, -4.028033528211479, -0.21211448274886724
195, 1763439582.1473322, -0.014849662780761719, -0.7686738967895508, 2.0745229721069336, 0.0244596004486084, -1.3339729309082031, -0.010338068008422852, 0.967047119140625, -1.842857665633581, -5.149279395989524, -4.0280336763290405, -0.2121151885722936
196, 1763439582.16876, -0.014857053756713867, -0.768666684627533, 2.074531078338623, 0.024450302124023438, -1.3340001106262207, -0.010319948196411133, 0.9670547485351563, -1.8428610511594012, -5.1492885235043, -4.028032504670967, -0.21213764650994893
197, 1763439582.192868, -0.014842510223388672, -0.7686812877655029, 2.0745229721069336, 0.024450302124023438, -1.3339910507202148, -0.010329008102416992, 0.967047119140625, -1.8428565336492024, -5.14929034358172, -4.028029513798662, -0.21215492429048322
198, 1763439582.21539, -0.014835119247436523, -0.7686517238616943, 2.074531078338623, 0.024441242218017578, -1.3340094089508057, -0.010329008102416992, 0.9670624542236328, -1.8428546726291573, -5.14929452846744, -4.028026401738887, -0.21216666929670414
199, 1763439582.235786, -0.014835119247436523, -0.768666684627533, 2.074531078338623, 0.024450302124023438, -1.3340001106262207, -0.010329008102416992, 0.9670547485351563, -1.8428605259856057, -5.149301313297671, -4.0280304995229, -0.21216621340487496
200, 1763439582.257827, -0.014835119247436523, -0.7686517238616943, 2.0745229721069336, 0.024468660354614258, -1.3340094089508057, -0.010329008102416992, 0.9670547485351563, -1.842859122063159, -5.149301146757645, -4.028030526213571, -0.21215268052634695
201, 1763439582.2812989, -0.014835119247436523, -0.7686738967895508, 2.0745229721069336, 0.024450302124023438, -1.3340001106262207, -0.010347366333007812, 0.9670700073242188, -1.8428543056010023, -5.149307325850533, -4.02802534880954, -0.21216867302883724
202, 1763439582.30213, -0.014835119247436523, -0.7686590552330017, 2.074531078338623, 0.024450302124023438, -1.3340187072753906, -0.010310888290405273, 0.9670394897460938, -1.8428600798510228, -5.149299542230803, -4.028030444377989, -0.21216130514193843
203, 1763439582.325584, -0.014842510223388672, -0.768666684627533, 2.074531078338623, 0.024450302124023438, -1.333981990814209, -0.010347366333007812, 0.967047119140625, -1.842867063189479, -5.149288483521875, -4.028031903347116, -0.21214856541824467
204, 1763439582.348834, -0.014842510223388672, -0.768666684627533, 2.074531078338623, 0.024441242218017578, -1.3340001106262207, -0.010365486145019531, 0.9670547485351563, -1.842863223714323, -5.149278350516012, -4.028028300963315, -0.21214284973282727
205, 1763439582.372035, -0.014842510223388672, -0.7686517238616943, 2.074531078338623, 0.024450302124023438, -1.3340368270874023, -0.010338068008422852, 0.9670394897460938, -1.8428670876758946, -5.149267806483038, -4.028033778526407, -0.21213291457989492
206, 1763439582.397047, -0.014842510223388672, -0.768666684627533, 2.0745229721069336, 0.024468660354614258, -1.3339910507202148, -0.010338068008422852, 0.967047119140625, -1.8428748441044993, -5.149266294679377, -4.028038154111173, -0.212133431440094
207, 1763439582.416686, -0.014835119247436523, -0.7686590552330017, 2.074531078338623, 0.0244596004486084, -1.333981990814209, -0.010347366333007812, 0.9670547485351563, -1.8428724420249414, -5.149262680097286, -4.028036284298684, -0.21213030665287125
208, 1763439582.4395032, -0.014835119247436523, -0.7686517238616943, 2.074514865875244, 0.0244596004486084, -1.3340094089508057, -0.010347366333007812, 0.9670547485351563, -1.8428693912108889, -5.1492649532005705, -4.028039059921499, -0.21212643871755876
209, 1763439582.4831061, -0.014842510223388672, -0.7686517238616943, 2.0745229721069336, 0.02443218231201172, -1.3340094089508057, -0.010365486145019531, 0.9670547485351563, -1.8428727016900375, -5.149259524826174, -4.028038219323188, -0.2121368423992509
210, 1763439582.489957, -0.014835119247436523, -0.7686590552330017, 2.0745229721069336, 0.024450302124023438, -1.3340094089508057, -0.010329008102416992, 0.9670547485351563, -1.8428777363800195, -5.149266999362384, -4.0280373233159885, -0.212145818538513
211, 1763439582.5111911, -0.014835119247436523, -0.7686517238616943, 2.0745229721069336, 0.024441242218017578, -1.3340277671813965, -0.010347366333007812, 0.9670547485351563, -1.842878722461522, -5.149270719668644, -4.0280402157668345, -0.2121291779173644
212, 1763439582.5358279, -0.014842510223388672, -0.76863694190979, 2.074531078338623, 0.0244596004486084, -1.3340001106262207, -0.010374784469604492, 0.9670547485351563, -1.8428790561929995, -5.149272122788071, -4.028038509364758, -0.21212802335625813
213, 1763439582.553741, -0.014835119247436523, -0.7686590552330017, 2.074531078338623, 0.024450302124023438, -1.3340094089508057, -0.010338068008422852, 0.9670547485351563, -1.8428726085117062, -5.14928119457852, -4.028031839802073, -0.21213175618318214
214, 1763439582.575347, -0.014835119247436523, -0.768666684627533, 2.0745389461517334, 0.024450302124023438, -1.3339729309082031, -0.010338068008422852, 0.9670624542236328, -1.8428763441987444, -5.149286570599819, -4.028038633352787, -0.21213553513800942
215, 1763439582.603198, -0.014835119247436523, -0.768666684627533, 2.074531078338623, 0.02443218231201172, -1.3340094089508057, -0.010338068008422852, 0.967047119140625, -1.842884879100288, -5.149298583642795, -4.028036042203269, -0.21216127054044787
216, 1763439582.624455, -0.014827728271484375, -0.76863694190979, 2.0745389461517334, 0.024441242218017578, -1.333981990814209, -0.010329008102416992, 0.9670624542236328, -1.8428882136783464, -5.14930630494245, -4.028032076845803, -0.21218659726915678
217, 1763439582.646821, -0.014827728271484375, -0.7686590552330017, 2.074531078338623, 0.0244596004486084, -1.3340094089508057, -0.010338068008422852, 0.967047119140625, -1.842895111786425, -5.149309676754493, -4.028032876029231, -0.2121918405745804
218, 1763439582.671573, -0.01480555534362793, -0.76863694190979, 2.074531078338623, 0.024450302124023438, -1.3340001106262207, -0.010319948196411133, 0.9670624542236328, -1.8429004084581364, -5.149302299138829, -4.028030893416811, -0.21219340872187686
219, 1763439582.692538, -0.014820098876953125, -0.7686445713043213, 2.0745229721069336, 0.0244596004486084, -1.3340094089508057, -0.010365486145019531, 0.9670624542236328, -1.8429058768063065, -5.149304144668751, -4.028032429937451, -0.2122106320846724
220, 1763439582.713857, -0.01480555534362793, -0.7686590552330017, 2.0745229721069336, 0.024450302124023438, -1.3339910507202148, -0.010338068008422852, 0.9670700073242188, -1.8429143947113893, -5.14930274397503, -4.028029143647272, -0.21221465325556732
221, 1763439582.73674, -0.014798164367675781, -0.768629789352417, 2.0745229721069336, 0.0244596004486084, -1.3339910507202148, -0.010329008102416992, 0.967047119140625, -1.8429285553240145, -5.149298753891336, -4.028035264723604, -0.21219029160383762
222, 1763439582.767143, -0.01480555534362793, -0.768629789352417, 2.0745229721069336, 0.024450302124023438, -1.3340094089508057, -0.010319948196411133, 0.9670700073242188, -1.842935095098249, -5.149287207531925, -4.028038751045564, -0.21219377064669942
223, 1763439582.789342, -0.014798164367675781, -0.768629789352417, 2.0745229721069336, 0.0244596004486084, -1.3340001106262207, -0.010347366333007812, 0.9670547485351563, -1.8429406534566075, -5.149280166734551, -4.028036941817173, -0.21218645166526606
224, 1763439582.810826, -0.014812707901000977, -0.7686002254486084, 2.074531078338623, 0.024468660354614258, -1.3340001106262207, -0.010347366333007812, 0.967047119140625, -1.842942838164804, -5.149278486323161, -4.028039033700712, -0.21217958803021642
225, 1763439582.820024, -0.014798164367675781, -0.76863694190979, 2.074514865875244, 0.0244596004486084, -1.3340001106262207, -0.010347366333007812, 0.9670547485351563, -1.8429449990285531, -5.149267652491129, -4.02804235979169, -0.2121727776733202
226, 1763439582.842579, -0.01480555534362793, -0.7686445713043213, 2.074514865875244, 0.0244596004486084, -1.333981990814209, -0.010319948196411133, 0.9670547485351563, -1.8429408333898798, -5.149264143500492, -4.028038866023166, -0.2121596178051668
227, 1763439582.8659258, -0.014820098876953125, -0.7686517238616943, 2.074514865875244, 0.024450302124023438, -1.333981990814209, -0.010338068008422852, 0.9670547485351563, -1.8429488369979663, -5.149264480322561, -4.028044967256985, -0.2121496865234267
228, 1763439582.887118, -0.014812707901000977, -0.768629789352417, 2.0745229721069336, 0.024450302124023438, -1.3339452743530273, -0.010365486145019531, 0.967047119140625, -1.8429453981764272, -5.149267543778106, -4.028045695591884, -0.21214465744403022
229, 1763439582.9086158, -0.01480555534362793, -0.7686223387718201, 2.0745229721069336, 0.024441242218017578, -1.333981990814209, -0.010338068008422852, 0.9670547485351563, -1.8429454852427143, -5.149262088510504, -4.028042831805609, -0.21214339907518998
230, 1763439582.9307368, -0.014812707901000977, -0.7686076164245605, 2.0745229721069336, 0.0244596004486084, -1.3340187072753906, -0.010347366333007812, 0.9670624542236328, -1.8429455719485706, -5.149272951915577, -4.028042827218396, -0.21214816340890952
231, 1763439582.952024, -0.014812707901000977, -0.7686445713043213, 2.074531078338623, 0.0244596004486084, -1.3339910507202148, -0.010347366333007812, 0.9670700073242188, -1.8429526664287597, -5.149281528453016, -4.028042675097752, -0.21214541818052268
