# Arm joint positions + body pose collected at 50.0 Hz
# Timestamp: 20251117_225818
# Format: timestep, arm0.sh0, arm0.sh1, arm0.el0, arm0.el1, arm0.wr0, arm0.wr1, gripper_open_percentage, body_x, body_y, body_z, body_theta
# Body pose is in odom frame (x, y, z in meters, theta in radians)

0, -0.016383886337280273, -0.7760341167449951, 2.204224109649658, 0.016588687896728516, -1.4637221097946167, -0.009552955627441406, 0.9577267456054688, -1.8009145736282661, -5.385645972765441, -4.035928268775413, -0.13132385135954117
1, -0.016383886337280273, -0.7760415077209473, 2.204240322113037, 0.016579627990722656, -1.4644161462783813, -0.009534597396850586, 0.9577344512939453, -1.8008993760204348, -5.38564706491501, -4.035927001660244, -0.1313258785612943
2, -0.016376256942749023, -0.7760710716247559, 2.2042481899261475, 0.016588687896728516, -1.4645897150039673, -0.009552955627441406, 0.9577344512939453, -1.8008907286460234, -5.385648613767958, -4.035923820496598, -0.1313285183689077
3, -0.016376256942749023, -0.7760782241821289, 2.2042481899261475, 0.016588687896728516, -1.4645806550979614, -0.009552955627441406, 0.9577420043945313, -1.800910514970639, -5.385644415264907, -4.035923341796421, -0.13132267171947287
4, -0.016368865966796875, -0.7761077880859375, 2.2042880058288574, 0.016588687896728516, -1.4645076990127563, -0.009543657302856445, 0.9577267456054688, -1.8009070483380898, -5.385641361079764, -4.035924372683445, -0.13132147952317652
5, -0.016368865966796875, -0.7761003971099854, 2.2043120861053467, 0.016597986221313477, -1.464525818824768, -0.009552955627441406, 0.9577344512939453, -1.800889723513227, -5.385641377527015, -4.035925957392121, -0.13132773351556004
6, -0.016368865966796875, -0.7761003971099854, 2.2043120861053467, 0.016588687896728516, -1.4644347429275513, -0.009543657302856445, 0.9577420043945313, -1.8008978391322388, -5.385650469042255, -4.035935202454706, -0.13134270738116172
7, -0.016368865966796875, -0.7761003971099854, 2.204319953918457, 0.016597986221313477, -1.4644161462783813, -0.009571075439453125, 0.9577420043945313, -1.8008883680256391, -5.385653220223548, -4.0359325408549225, -0.1313197585115704
8, -0.016368865966796875, -0.776129961013794, 2.2043440341949463, 0.016579627990722656, -1.4644438028335571, -0.009562015533447266, 0.9577344512939453, -1.8008810068112697, -5.3856554760665905, -4.035924601016696, -0.13132314325009276
9, -0.016368865966796875, -0.7761447429656982, 2.2043519020080566, 0.016588687896728516, -1.4644070863723755, -0.009543657302856445, 0.9577344512939453, -1.8008955281044348, -5.385655358843753, -4.035925720307912, -0.13132569220747392
10, -0.016376256942749023, -0.7761521339416504, 2.204336166381836, 0.016588687896728516, -1.4643980264663696, -0.009543657302856445, 0.9577344512939453, -1.800886148491291, -5.385655223010188, -4.035926068407067, -0.13134104053147944
11, -0.016376256942749023, -0.7761521339416504, 2.204360008239746, 0.016579627990722656, -1.4644070863723755, -0.009552955627441406, 0.9577420043945313, -1.8008734711453234, -5.385658138738847, -4.035925903835318, -0.1313517249662972
12, -0.016368865966796875, -0.7761447429656982, 2.2043919563293457, 0.016597986221313477, -1.464379906654358, -0.009552955627441406, 0.9577344512939453, -1.8008764404476842, -5.385658097098256, -4.035930626997098, -0.13135846306026533
13, -0.016368865966796875, -0.7761447429656982, 2.2044079303741455, 0.016588687896728516, -1.4644070863723755, -0.009543657302856445, 0.9577191925048828, -1.8008744433911072, -5.385661003793862, -4.0359298923067675, -0.131348166356422
14, -0.01634693145751953, -0.7761447429656982, 2.2044079303741455, 0.016597986221313477, -1.4644070863723755, -0.009552955627441406, 0.9577191925048828, -1.8008697697100582, -5.385658709120675, -4.035926606693347, -0.13135946493826633
15, -0.01634693145751953, -0.7761669158935547, 2.204415798187256, 0.016588687896728516, -1.464379906654358, -0.009552955627441406, 0.9577420043945313, -1.8008737212171277, -5.385655014758581, -4.035925850789606, -0.13135463815122694
16, -0.016339540481567383, -0.7761669158935547, 2.2044079303741455, 0.016570568084716797, -1.4643980264663696, -0.009589433670043945, 0.9577344512939453, -1.800866265258393, -5.385652129999117, -4.035928678910966, -0.1313697640123106
17, -0.016332149505615234, -0.7761743068695068, 2.204415798187256, 0.016588687896728516, -1.4644161462783813, -0.009525537490844727, 0.9577267456054688, -1.8008530137240997, -5.385650278117509, -4.0359240662824885, -0.13136628999054967
18, -0.016332149505615234, -0.7761595249176025, 2.2044239044189453, 0.016579627990722656, -1.464379906654358, -0.009571075439453125, 0.9577344512939453, -1.80085050931649, -5.3856524291297285, -4.035927194515539, -0.13137815569130495
19, -0.016324520111083984, -0.7761669158935547, 2.204440116882324, 0.016597986221313477, -1.464379906654358, -0.009552955627441406, 0.9577344512939453, -1.8008408835957788, -5.385641031902344, -4.035928665499088, -0.13138373996573272
20, -0.016317367553710938, -0.776188850402832, 2.2044477462768555, 0.016597986221313477, -1.4644161462783813, -0.009552955627441406, 0.9577114868164063, -1.8008385655347876, -5.385633082876338, -4.035928321251658, -0.13139183712904945
21, -0.01630258560180664, -0.7761743068695068, 2.204455852508545, 0.016579627990722656, -1.4644252061843872, -0.009552955627441406, 0.9577344512939453, -1.800834837799301, -5.385639518404182, -4.035925862240662, -0.131388547191718
22, -0.016317367553710938, -0.776188850402832, 2.2044477462768555, 0.016597986221313477, -1.464361310005188, -0.009562015533447266, 0.9577267456054688, -1.8008317262070654, -5.3856299076594505, -4.035930890152304, -0.13138700013742266
23, -0.016317367553710938, -0.7761964797973633, 2.204455852508545, 0.016579627990722656, -1.464379906654358, -0.009543657302856445, 0.9577420043945313, -1.8008288400528751, -5.385623486235595, -4.035929132076126, -0.13140569638212618
24, -0.01630997657775879, -0.7761816382408142, 2.2044639587402344, 0.016597986221313477, -1.464379906654358, -0.009552955627441406, 0.9577344512939453, -1.800822052227375, -5.38562107247058, -4.035926828490354, -0.13140330804612166
25, -0.016324520111083984, -0.7762038707733154, 2.204472064971924, 0.016588687896728516, -1.4643889665603638, -0.009543657302856445, 0.9577344512939453, -1.8008244797513269, -5.385615470477538, -4.035935709219468, -0.13140492324905484
26, -0.016332149505615234, -0.7762110233306885, 2.204479694366455, 0.016597986221313477, -1.4643889665603638, -0.009543657302856445, 0.9577344512939453, -1.800812087435649, -5.3856195997903145, -4.03592798910139, -0.1314316210908162
27, -0.016324520111083984, -0.7762038707733154, 2.204479694366455, 0.016588687896728516, -1.464379906654358, -0.009552955627441406, 0.9577420043945313, -1.8008198853317685, -5.385626987276999, -4.035929934124343, -0.13144095979472858
28, -0.016317367553710938, -0.7762110233306885, 2.204472064971924, 0.016579627990722656, -1.4643341302871704, -0.009543657302856445, 0.9577191925048828, -1.8008193062075046, -5.385627316597691, -4.035935114422315, -0.13142098362013144
29, -0.01630997657775879, -0.7762038707733154, 2.204479694366455, 0.016597986221313477, -1.4643431901931763, -0.009543657302856445, 0.9577114868164063, -1.8008119035182595, -5.385632672321976, -4.035933183536225, -0.131426007824345
30, -0.016324520111083984, -0.7761964797973633, 2.204479694366455, 0.016588687896728516, -1.4643980264663696, -0.009562015533447266, 0.9577420043945313, -1.80080547086245, -5.385631986729646, -4.035929964683913, -0.13143108687827176
31, -0.016317367553710938, -0.7762110233306885, 2.204479694366455, 0.016570568084716797, -1.464361310005188, -0.009571075439453125, 0.9577420043945313, -1.8007996924022127, -5.385636211628752, -4.03593421459028, -0.13142814003717884
32, -0.01630258560180664, -0.7762110233306885, 2.204495906829834, 0.016588687896728516, -1.4643522500991821, -0.009534597396850586, 0.9577344512939453, -1.8007975658330255, -5.38562954024129, -4.035929465145256, -0.131413615730966
33, -0.01630258560180664, -0.776225745677948, 2.2045278549194336, 0.016588687896728516, -1.4643341302871704, -0.009552955627441406, 0.9577267456054688, -1.8007613536326252, -5.385623147630131, -4.035937949005158, -0.1314303137486501
34, -0.01630258560180664, -0.7762331962585449, 2.2045278549194336, 0.016579627990722656, -1.464370608329773, -0.009552955627441406, 0.9577420043945313, -1.8007594519046486, -5.385622030528224, -4.035934182892416, -0.1314410185957522
35, -0.016295194625854492, -0.7762405872344971, 2.2045435905456543, 0.016570568084716797, -1.4643889665603638, -0.009571075439453125, 0.9577497100830078, -1.8007457097041817, -5.385620890708698, -4.035932549982989, -0.13143814070094795
36, -0.016287803649902344, -0.7762331962585449, 2.204535961151123, 0.016579627990722656, -1.4643248319625854, -0.009571075439453125, 0.9577344512939453, -1.80073736717762, -5.385622511854973, -4.035931967922644, -0.13146039479225102
37, -0.016295194625854492, -0.7762405872344971, 2.2045435905456543, 0.016579627990722656, -1.4643248319625854, -0.009507179260253906, 0.9577420043945313, -1.800739756290246, -5.3856276044905975, -4.035930965228558, -0.13147160329572305
38, -0.016295194625854492, -0.7762553691864014, 2.2045516967773438, 0.016570568084716797, -1.4643889665603638, -0.009534597396850586, 0.9577344512939453, -1.8007349749834243, -5.385629968230194, -4.0359311993562255, -0.13148179429558748
39, -0.01627326011657715, -0.7762405872344971, 2.2045435905456543, 0.016597986221313477, -1.4643431901931763, -0.009543657302856445, 0.9577267456054688, -1.8007161348728138, -5.385631599484492, -4.035933864894301, -0.13148872125980215
40, -0.01627326011657715, -0.7762479782104492, 2.2045435905456543, 0.016570568084716797, -1.4643431901931763, -0.009552955627441406, 0.9577344512939453, -1.800712966419112, -5.38563350878138, -4.0359323083761, -0.13148273907592323
41, -0.01627326011657715, -0.7762553691864014, 2.204559803009033, 0.016588687896728516, -1.464370608329773, -0.009552955627441406, 0.9577497100830078, -1.8007068335558123, -5.385640201453879, -4.035928230925832, -0.13147050908896052
42, -0.01627326011657715, -0.7762700915336609, 2.2045679092407227, 0.016579627990722656, -1.464361310005188, -0.009534597396850586, 0.9577267456054688, -1.8006993310083106, -5.385639976794952, -4.035929021741087, -0.1314642809318336
43, -0.01627326011657715, -0.776277482509613, 2.2045836448669434, 0.016607046127319336, -1.4643522500991821, -0.009562015533447266, 0.9577267456054688, -1.800692041526749, -5.385647013007822, -4.035927836673598, -0.13147639026945868
44, -0.01627326011657715, -0.77628493309021, 2.204575777053833, 0.016597986221313477, -1.4643522500991821, -0.009562015533447266, 0.9577267456054688, -1.8006873068717193, -5.385651446869225, -4.035925308808774, -0.1314789094728166
45, -0.0162656307220459, -0.7762923240661621, 2.204591751098633, 0.016579627990722656, -1.4643522500991821, -0.009525537490844727, 0.9577344512939453, -1.8006741326643465, -5.385643833432108, -4.035925611830155, -0.1314832953098719
46, -0.0162656307220459, -0.77628493309021, 2.2045998573303223, 0.016588687896728516, -1.4643341302871704, -0.009552955627441406, 0.9577420043945313, -1.8006716026737946, -5.385637479160332, -4.035925670467738, -0.13148224168582257
47, -0.01625823974609375, -0.776277482509613, 2.2046077251434326, 0.016579627990722656, -1.4643522500991821, -0.009534597396850586, 0.9577191925048828, -1.800677210657191, -5.385643206568337, -4.0359306581679135, -0.13148666433240042
48, -0.0162656307220459, -0.7762923240661621, 2.2046077251434326, 0.016579627990722656, -1.464361310005188, -0.009552955627441406, 0.9577497100830078, -1.8006656064332276, -5.385639402110174, -4.035924177418113, -0.13148217669811846
49, -0.0162508487701416, -0.7763071060180664, 2.2046077251434326, 0.016579627990722656, -1.4643341302871704, -0.009534597396850586, 0.9577267456054688, -1.800658158057883, -5.385639190378428, -4.035928660184754, -0.13147723790841148
50, -0.0162508487701416, -0.7762994766235352, 2.2046077251434326, 0.016588687896728516, -1.464370608329773, -0.009552955627441406, 0.9577344512939453, -1.8006516800215142, -5.385641848234744, -4.035925945700223, -0.13143876432202628
51, -0.0162656307220459, -0.7763216495513916, 2.204615592956543, 0.016579627990722656, -1.464370608329773, -0.009525537490844727, 0.9577420043945313, -1.8006520271540567, -5.385636075552508, -4.035928506112663, -0.13144775606582026
52, -0.01627326011657715, -0.7763364315032959, 2.204631805419922, 0.016570568084716797, -1.4643431901931763, -0.009534597396850586, 0.9577420043945313, -1.8006496896544608, -5.385640223539742, -4.035929748704312, -0.1314558814279536
53, -0.01627326011657715, -0.7763364315032959, 2.204631805419922, 0.016607046127319336, -1.464361310005188, -0.009552955627441406, 0.9577420043945313, -1.8006470891568827, -5.385646864949335, -4.03593219787574, -0.13144199552752855
54, -0.01627326011657715, -0.7763364315032959, 2.204631805419922, 0.016579627990722656, -1.464379906654358, -0.009525537490844727, 0.9577420043945313, -1.8006383260527112, -5.385638214184893, -4.035929874161762, -0.13144984832262452
55, -0.01627326011657715, -0.7763364315032959, 2.204631805419922, 0.016579627990722656, -1.4643522500991821, -0.009543657302856445, 0.9577497100830078, -1.8006315617929505, -5.385635592799459, -4.035929821549903, -0.13144510220265815
56, -0.01627326011657715, -0.7763585448265076, 2.204655647277832, 0.016597986221313477, -1.4643431901931763, -0.009534597396850586, 0.9577267456054688, -1.800624541205641, -5.38565099761223, -4.035931287364374, -0.13145329810294637
57, -0.0162656307220459, -0.7763585448265076, 2.204671621322632, 0.016579627990722656, -1.4643431901931763, -0.009534597396850586, 0.9577267456054688, -1.8006103737712211, -5.3856470022937195, -4.0359265591976135, -0.13144367658628564
58, -0.0162656307220459, -0.7763881683349609, 2.204671621322632, 0.016579627990722656, -1.464370608329773, -0.009525537490844727, 0.9577344512939453, -1.8006081456935206, -5.385656630581201, -4.035928835651817, -0.1314485159595984
59, -0.01625823974609375, -0.7763881683349609, 2.2046875953674316, 0.016579627990722656, -1.464370608329773, -0.009543657302856445, 0.9577420043945313, -1.8005974068637207, -5.385664887147617, -4.0359255903082465, -0.13144651457936618
60, -0.0162656307220459, -0.7764028906822205, 2.204695701599121, 0.016597986221313477, -1.464361310005188, -0.009552955627441406, 0.9577344512939453, -1.8005919233963146, -5.385658248906606, -4.035927480866497, -0.13144911365436585
61, -0.0162656307220459, -0.7764028906822205, 2.2047035694122314, 0.016579627990722656, -1.464370608329773, -0.009543657302856445, 0.9577344512939453, -1.8005884017080909, -5.385659000060186, -4.0359252975020805, -0.1314493509933623
62, -0.01625823974609375, -0.7764322757720947, 2.2047433853149414, 0.016588687896728516, -1.464379906654358, -0.009516477584838867, 0.9577267456054688, -1.8005798688936567, -5.385663031829243, -4.035931335945617, -0.13148738212047917
63, -0.0162508487701416, -0.7764692306518555, 2.2047674655914307, 0.016588687896728516, -1.464361310005188, -0.009534597396850586, 0.9577344512939453, -1.8005373489370986, -5.38565649908456, -4.035927142822219, -0.13145276633832648
64, -0.0162508487701416, -0.7764840126037598, 2.2047994136810303, 0.016588687896728516, -1.4643431901931763, -0.009543657302856445, 0.9577420043945313, -1.8005330382461897, -5.38566272843421, -4.035926007147931, -0.13144493703465088
65, -0.0162656307220459, -0.7767125964164734, 2.2050790786743164, 0.016579627990722656, -1.4643889665603638, -0.009516477584838867, 0.9577344512939453, -1.8004723084241756, -5.385656738966959, -4.035936405630179, -0.1314585307688354
66, -0.01627326011657715, -0.7767715454101562, 2.205127000808716, 0.016588687896728516, -1.4643889665603638, -0.009516477584838867, 0.9577344512939453, -1.8004599575093796, -5.385662820325282, -4.035930385630359, -0.13148412897526285
67, -0.0162508487701416, -0.7768380641937256, 2.2051987648010254, 0.016579627990722656, -1.4643889665603638, -0.009543657302856445, 0.9577420043945313, -1.8004320727742325, -5.385658523282561, -4.035928371567991, -0.13148944780081528
68, -0.0162656307220459, -0.7768969535827637, 2.2052550315856934, 0.016588687896728516, -1.464370608329773, -0.009534597396850586, 0.9577267456054688, -1.800432918334888, -5.385657556122323, -4.0359341916400915, -0.13146850173290758
69, -0.0162656307220459, -0.7769043445587158, 2.2052788734436035, 0.016579627990722656, -1.4644161462783813, -0.009543657302856445, 0.9577497100830078, -1.80041591325438, -5.385658843337097, -4.035930025238206, -0.13146657476816603
70, -0.01627326011657715, -0.7769486904144287, 2.205326795578003, 0.016597986221313477, -1.464379906654358, -0.009525537490844727, 0.9577497100830078, -1.8003993736091235, -5.385648794869104, -4.03592706907506, -0.13145137207090674
71, -0.01627326011657715, -0.7769927978515625, 2.2054147720336914, 0.016588687896728516, -1.464370608329773, -0.009507179260253906, 0.9577420043945313, -1.8003694144319227, -5.385658860530484, -4.035931802107419, -0.13144769752179908
72, -0.01627326011657715, -0.7770001888275146, 2.2054147720336914, 0.016588687896728516, -1.464370608329773, -0.009507179260253906, 0.9577267456054688, -1.8003679561491606, -5.385676784816048, -4.035927301276628, -0.1314916701538511
73, -0.01627326011657715, -0.7770075798034668, 2.205430507659912, 0.016579627990722656, -1.4644070863723755, -0.009507179260253906, 0.9577420043945313, -1.8003708159851226, -5.385675235239841, -4.035930347968142, -0.13148155430661035
74, -0.01625823974609375, -0.777014970779419, 2.2054386138916016, 0.016579627990722656, -1.4644347429275513, -0.009516477584838867, 0.9577420043945313, -1.800361944562285, -5.385673376418446, -4.035925478839946, -0.13149550294859225
75, -0.0162508487701416, -0.777014970779419, 2.2054624557495117, 0.016588687896728516, -1.4643889665603638, -0.009516477584838867, 0.9577497100830078, -1.8003531247224247, -5.38566371086358, -4.035927267341338, -0.13146762838614823
76, -0.01625823974609375, -0.777014970779419, 2.2054624557495117, 0.016607046127319336, -1.4644161462783813, -0.009525537490844727, 0.9577420043945313, -1.8003478106304334, -5.385670415854654, -4.035925302327785, -0.1314577765574958
77, -0.0162656307220459, -0.7770223021507263, 2.2054786682128906, 0.016579627990722656, -1.4644161462783813, -0.009525537490844727, 0.9577420043945313, -1.8003411861106775, -5.38567025340223, -4.035931000393664, -0.13147776229115848
78, -0.01627326011657715, -0.7770223021507263, 2.2054944038391113, 0.016579627990722656, -1.4644070863723755, -0.009525537490844727, 0.9577267456054688, -1.800331772644482, -5.385668373824004, -4.035924680454728, -0.13148176584737303
79, -0.01625823974609375, -0.7770371437072754, 2.2054944038391113, 0.016579627990722656, -1.4644161462783813, -0.009534597396850586, 0.9577267456054688, -1.800338104912183, -5.385668424710077, -4.0359288817570995, -0.13145825044269088
80, -0.0162656307220459, -0.7770371437072754, 2.205502510070801, 0.016579627990722656, -1.4644070863723755, -0.009516477584838867, 0.9577344512939453, -1.800328422864136, -5.385670962520962, -4.035929684796207, -0.13146787593911746
81, -0.0162656307220459, -0.7770297527313232, 2.2055106163024902, 0.016588687896728516, -1.4644347429275513, -0.009498119354248047, 0.9577267456054688, -1.8003151882021173, -5.385672112307217, -4.035929794707442, -0.1314590353684011
82, -0.0162656307220459, -0.7770371437072754, 2.2055184841156006, 0.016588687896728516, -1.4643980264663696, -0.009525537490844727, 0.9577420043945313, -1.8003171764540675, -5.385680044865727, -4.035929038031626, -0.13147001989993878
83, -0.0162508487701416, -0.7770445346832275, 2.2055344581604004, 0.016561508178710938, -1.4644347429275513, -0.009525537490844727, 0.9577420043945313, -1.8003063916996611, -5.385679161557279, -4.035927873642631, -0.13147318613062797
84, -0.0162656307220459, -0.7770445346832275, 2.2055344581604004, 0.016588687896728516, -1.4644438028335571, -0.009525537490844727, 0.9577420043945313, -1.800300531754144, -5.385687638465904, -4.035926457919092, -0.13149822508517772
85, -0.0162508487701416, -0.7770516872406006, 2.20554256439209, 0.016579627990722656, -1.4644347429275513, -0.009525537490844727, 0.9577497100830078, -1.8002967843044875, -5.385680289685949, -4.035931355198201, -0.1314819993158194
86, -0.0162656307220459, -0.7770516872406006, 2.20554256439209, 0.016588687896728516, -1.4643980264663696, -0.009516477584838867, 0.9577267456054688, -1.80029068982867, -5.385687277629775, -4.03592728546372, -0.13148250454721033
87, -0.0162508487701416, -0.7770516872406006, 2.2055504322052, 0.016597986221313477, -1.4644347429275513, -0.009516477584838867, 0.9577497100830078, -1.8002940227707076, -5.385691877490903, -4.035930785441401, -0.13149078818900328
88, -0.0162508487701416, -0.7770666480064392, 2.20556640625, 0.016579627990722656, -1.4644347429275513, -0.009507179260253906, 0.9577497100830078, -1.8002870492297713, -5.385687979099759, -4.035929399392701, -0.13149149473871802
89, -0.0162508487701416, -0.7770445346832275, 2.20556640625, 0.016588687896728516, -1.4644252061843872, -0.009525537490844727, 0.9577344512939453, -1.8002825436384553, -5.385697072722707, -4.035927646530177, -0.13148199852144948
90, -0.016236305236816406, -0.7770593166351318, 2.2055745124816895, 0.016579627990722656, -1.4644252061843872, -0.009516477584838867, 0.9577420043945313, -1.8002818355535692, -5.385699185655956, -4.035931573010854, -0.13147600687766392
91, -0.0162508487701416, -0.7770516872406006, 2.2055745124816895, 0.016597986221313477, -1.4644070863723755, -0.009516477584838867, 0.9577497100830078, -1.800274013186496, -5.3856973088389335, -4.035926891302573, -0.13145339466486838
92, -0.0162508487701416, -0.7770445346832275, 2.2055823802948, 0.016588687896728516, -1.4644161462783813, -0.009507179260253906, 0.9577344512939453, -1.8002773077458563, -5.385697607294609, -4.0359293972149874, -0.13146168535547442
93, -0.01625823974609375, -0.7770593166351318, 2.20559024810791, 0.016597986221313477, -1.464452862739563, -0.009525537490844727, 0.9577420043945313, -1.8002731707638815, -5.385696630253988, -4.03593190304303, -0.1314493511291106
94, -0.01625823974609375, -0.7770593166351318, 2.2055983543395996, 0.016579627990722656, -1.4644347429275513, -0.009534597396850586, 0.9577344512939453, -1.8002754619359522, -5.385697581266898, -4.0359340160961095, -0.131455594993648
95, -0.01625823974609375, -0.7770445346832275, 2.205606460571289, 0.016579627990722656, -1.4643980264663696, -0.009525537490844727, 0.9577267456054688, -1.8002623912948978, -5.385692044396002, -4.035930745429768, -0.13145401738305296
96, -0.01625823974609375, -0.7770666480064392, 2.2056145668029785, 0.016579627990722656, -1.4644347429275513, -0.009525537490844727, 0.9577420043945313, -1.8002482414159118, -5.385693989493251, -4.03593147751332, -0.1314609341538624
97, -0.0162656307220459, -0.7770666480064392, 2.2056145668029785, 0.016597986221313477, -1.4644252061843872, -0.009534597396850586, 0.9577497100830078, -1.8002386913982988, -5.385682293541869, -4.035929315121479, -0.13145320981219033
98, -0.0162656307220459, -0.7770593166351318, 2.2056221961975098, 0.016588687896728516, -1.4644347429275513, -0.009534597396850586, 0.9577497100830078, -1.8002347223282391, -5.38568466541805, -4.035930703835386, -0.13146138223129178
99, -0.01625823974609375, -0.7770666480064392, 2.2056221961975098, 0.016588687896728516, -1.4643889665603638, -0.009525537490844727, 0.9577344512939453, -1.8002337226217924, -5.385698226057613, -4.035930916256364, -0.13145188600447621
100, -0.0162656307220459, -0.777073860168457, 2.205630302429199, 0.016588687896728516, -1.4644347429275513, -0.009525537490844727, 0.9577497100830078, -1.800229854186167, -5.385696075856172, -4.035929702587115, -0.13145259176692292
101, -0.0162656307220459, -0.7770593166351318, 2.2056384086608887, 0.016597986221313477, -1.4643980264663696, -0.009498119354248047, 0.9577497100830078, -1.8002269031115983, -5.385700460112259, -4.035928751808907, -0.13147358013651367
102, -0.0162508487701416, -0.7770666480064392, 2.2056384086608887, 0.016579627990722656, -1.4644438028335571, -0.009543657302856445, 0.9577420043945313, -1.80021352473337, -5.3857028789447865, -4.035928450394864, -0.13148452398988386
103, -0.0162508487701416, -0.777073860168457, 2.205662250518799, 0.016597986221313477, -1.464452862739563, -0.009507179260253906, 0.9577497100830078, -1.8002111880293257, -5.385707654512699, -4.035927712153865, -0.131490494503832
104, -0.01625823974609375, -0.7770666480064392, 2.2056541442871094, 0.016588687896728516, -1.4644891023635864, -0.009507179260253906, 0.9577497100830078, -1.8002145501369604, -5.385709456241232, -4.03592979109794, -0.13149271833574971
105, -0.0162508487701416, -0.7770666480064392, 2.2056541442871094, 0.016588687896728516, -1.4644891023635864, -0.009534597396850586, 0.9577497100830078, -1.8002114064754466, -5.3857189159618795, -4.035933650858561, -0.13148897483570732
106, -0.016243696212768555, -0.7770593166351318, 2.2056541442871094, 0.016588687896728516, -1.4644891023635864, -0.009525537490844727, 0.9577497100830078, -1.8002103180558544, -5.385714777965203, -4.035930288821473, -0.13149063151869989
107, -0.0162508487701416, -0.777073860168457, 2.205662250518799, 0.016597986221313477, -1.4644981622695923, -0.009516477584838867, 0.9577114868164063, -1.800218739476391, -5.385721913835833, -4.035935286946077, -0.13145138227994746
108, -0.016243696212768555, -0.777073860168457, 2.2056703567504883, 0.016588687896728516, -1.4644981622695923, -0.009507179260253906, 0.9577420043945313, -1.8001993738816673, -5.385719215359406, -4.035931325584541, -0.1314528040133176
109, -0.016243696212768555, -0.7770888805389404, 2.2056784629821777, 0.016597986221313477, -1.4644800424575806, -0.009516477584838867, 0.9577344512939453, -1.8002005371497425, -5.385716444889022, -4.035932028324628, -0.13144781895762048
110, -0.01625823974609375, -0.7770888805389404, 2.2056784629821777, 0.016588687896728516, -1.4644891023635864, -0.009525537490844727, 0.9577420043945313, -1.8001956254067646, -5.385725919837904, -4.035930840774106, -0.13144641678319502
111, -0.016236305236816406, -0.7770812511444092, 2.205686092376709, 0.016588687896728516, -1.4644891023635864, -0.009498119354248047, 0.9577420043945313, -1.8001978340160734, -5.385720750974204, -4.035929502736278, -0.13145217654985597
112, -0.016243696212768555, -0.7770888805389404, 2.205686092376709, 0.016588687896728516, -1.464525818824768, -0.009525537490844727, 0.9577420043945313, -1.800188654905727, -5.385727300598217, -4.035930315968216, -0.1314578729020237
113, -0.016243696212768555, -0.7770593166351318, 2.2056941986083984, 0.016588687896728516, -1.464525818824768, -0.009525537490844727, 0.9577497100830078, -1.8001840397876239, -5.385725140008893, -4.035924396966584, -0.1314501015409828
114, -0.016243696212768555, -0.7770960330963135, 2.2056941986083984, 0.016579627990722656, -1.4644891023635864, -0.009525537490844727, 0.9577420043945313, -1.8001886204372637, -5.385736917955941, -4.035930589998932, -0.1314650332645826
115, -0.016243696212768555, -0.7770888805389404, 2.205702304840088, 0.016561508178710938, -1.4644800424575806, -0.009498119354248047, 0.9577497100830078, -1.8001684081274978, -5.385723809497218, -4.035926570254054, -0.1314663375182583
116, -0.016243696212768555, -0.777073860168457, 2.2057104110717773, 0.016597986221313477, -1.4644709825515747, -0.009525537490844727, 0.9577344512939453, -1.80016799060538, -5.38572587316793, -4.03592683624167, -0.13146446145308843
117, -0.016243696212768555, -0.777073860168457, 2.2057104110717773, 0.016588687896728516, -1.4644981622695923, -0.009525537490844727, 0.9577497100830078, -1.8001611972138594, -5.385731851404308, -4.0359255715760325, -0.13146150517420274
118, -0.016236305236816406, -0.7770812511444092, 2.205726146697998, 0.016570568084716797, -1.4644981622695923, -0.009507179260253906, 0.9577344512939453, -1.8001533277309756, -5.385736523034417, -4.035927161408039, -0.13145493704612132
119, -0.016228914260864258, -0.7770960330963135, 2.2057182788848877, 0.016588687896728516, -1.4645167589187622, -0.009516477584838867, 0.9577420043945313, -1.8001512587806632, -5.38574443511451, -4.035928192839476, -0.1314830724888898
120, -0.016236305236816406, -0.7770812511444092, 2.205726146697998, 0.016579627990722656, -1.464534878730774, -0.009534597396850586, 0.9577497100830078, -1.8001285506133629, -5.385734520522365, -4.035926354298688, -0.13147105635130707
121, -0.016228914260864258, -0.7770888805389404, 2.205742359161377, 0.016588687896728516, -1.4645076990127563, -0.009516477584838867, 0.9577497100830078, -1.8001240505297242, -5.3857390730482395, -4.035929730821063, -0.1314766391120079
122, -0.016236305236816406, -0.7770812511444092, 2.205742359161377, 0.016579627990722656, -1.4645167589187622, -0.009516477584838867, 0.9577497100830078, -1.8001080243986387, -5.385738822293165, -4.035925869108619, -0.13150119717920994
123, -0.016228914260864258, -0.7770888805389404, 2.2057502269744873, 0.016588687896728516, -1.4645167589187622, -0.009516477584838867, 0.9577497100830078, -1.8001013064394864, -5.385745254643025, -4.035927146804594, -0.13149126774576025
124, -0.01621389389038086, -0.7770812511444092, 2.2057502269744873, 0.016597986221313477, -1.464534878730774, -0.009507179260253906, 0.9577497100830078, -1.8000938749555675, -5.385734340903736, -4.035927591281585, -0.13151147052083179
125, -0.016206741333007812, -0.7770960330963135, 2.2057743072509766, 0.016588687896728516, -1.4645076990127563, -0.009525537490844727, 0.9577344512939453, -1.800090098473468, -5.3857495897972925, -4.035929765808722, -0.13151479185175674
126, -0.01617717742919922, -0.7770888805389404, 2.205782175064087, 0.016579627990722656, -1.4645620584487915, -0.009525537490844727, 0.9577344512939453, -1.8000861085742845, -5.385735325562039, -4.035926424678032, -0.13152485364041944
127, -0.01617717742919922, -0.7770812511444092, 2.2057981491088867, 0.016588687896728516, -1.464534878730774, -0.009516477584838867, 0.9577497100830078, -1.8000759919413825, -5.385741807357607, -4.035923504797703, -0.1315262307285021
128, -0.016191959381103516, -0.7770888805389404, 2.2057981491088867, 0.016579627990722656, -1.464607834815979, -0.009507179260253906, 0.9577420043945313, -1.8000698259405832, -5.385753044984004, -4.035925878719112, -0.1315406972824551
129, -0.016170024871826172, -0.7771033644676208, 2.2058141231536865, 0.016579627990722656, -1.4645713567733765, -0.009534597396850586, 0.9577420043945313, -1.8000564153391783, -5.385738660484502, -4.03592141985885, -0.131544969538961
130, -0.01617717742919922, -0.7771182060241699, 2.205821990966797, 0.016588687896728516, -1.4645713567733765, -0.009507179260253906, 0.9577267456054688, -1.8000474653919318, -5.385749461545576, -4.035922027463664, -0.13153325331953702
131, -0.01617717742919922, -0.7771403789520264, 2.205838203430176, 0.016570568084716797, -1.4646352529525757, -0.009498119354248047, 0.9577497100830078, -1.8000566666992042, -5.3857299701768, -4.035922674948289, -0.1315558334071225
132, -0.016170024871826172, -0.7771182060241699, 2.2058539390563965, 0.016597986221313477, -1.4646536111831665, -0.009507179260253906, 0.9577344512939453, -1.8000603110521238, -5.385746452947954, -4.035926991107242, -0.13154698802771403
133, -0.016162633895874023, -0.7771182060241699, 2.2058780193328857, 0.016588687896728516, -1.464690089225769, -0.009507179260253906, 0.9577420043945313, -1.80005624862111, -5.3857327130073385, -4.035921784411421, -0.1315232736320251
134, -0.01617717742919922, -0.7771329879760742, 2.2058701515197754, 0.016579627990722656, -1.4646810293197632, -0.009552955627441406, 0.9577344512939453, -1.8000564870715687, -5.385745516362255, -4.035924966860856, -0.13153408500896546
135, -0.01617717742919922, -0.7771329879760742, 2.2058701515197754, 0.016588687896728516, -1.464617133140564, -0.009489059448242188, 0.9577344512939453, -1.8000593172785009, -5.38573145599851, -4.035923471836495, -0.13152473442197188
136, -0.016170024871826172, -0.7771329879760742, 2.2058939933776855, 0.016597986221313477, -1.4646629095077515, -0.009516477584838867, 0.9577420043945313, -1.8000576468680787, -5.385735215893336, -4.03592631850056, -0.13152195128199295
137, -0.016184568405151367, -0.7771255970001221, 2.2058939933776855, 0.016588687896728516, -1.4646536111831665, -0.009516477584838867, 0.9577420043945313, -1.80005567174082, -5.385737347408412, -4.035928438845485, -0.13153373949543656
138, -0.016170024871826172, -0.7771182060241699, 2.2058939933776855, 0.016579627990722656, -1.4646719694137573, -0.009507179260253906, 0.9577344512939453, -1.8000633320270878, -5.38574983817452, -4.035926277612509, -0.13150840592233504
139, -0.01617717742919922, -0.777110755443573, 2.2058939933776855, 0.016588687896728516, -1.4646719694137573, -0.009498119354248047, 0.9577267456054688, -1.800064349272474, -5.385752155483138, -4.035928039729734, -0.13151133164716722
140, -0.016184568405151367, -0.7771255970001221, 2.205902099609375, 0.016588687896728516, -1.4646810293197632, -0.009525537490844727, 0.9577420043945313, -1.8000701587804229, -5.385744268288532, -4.035925828138944, -0.13149470630514148
141, -0.016184568405151367, -0.7771255970001221, 2.2059178352355957, 0.016579627990722656, -1.464690089225769, -0.009525537490844727, 0.9577344512939453, -1.8000814329846313, -5.385737986330522, -4.035930155849086, -0.13150722683456362
142, -0.016184568405151367, -0.7771255970001221, 2.2059178352355957, 0.016588687896728516, -1.464699149131775, -0.009525537490844727, 0.9577420043945313, -1.8000842120448173, -5.385730796315192, -4.035927004466511, -0.1315017607622071
143, -0.01617717742919922, -0.7771033644676208, 2.2059178352355957, 0.016588687896728516, -1.464690089225769, -0.009516477584838867, 0.9577572631835938, -1.8000908696350608, -5.385742786937902, -4.035929702310882, -0.13150514931879975
144, -0.016184568405151367, -0.7771182060241699, 2.2059340476989746, 0.016597986221313477, -1.4647177457809448, -0.009525537490844727, 0.9577420043945313, -1.800087638063459, -5.385746150427816, -4.0359271311143505, -0.1315020019506674
145, -0.01617717742919922, -0.7771255970001221, 2.2059497833251953, 0.016597986221313477, -1.464690089225769, -0.009525537490844727, 0.9577420043945313, -1.800088283369884, -5.3857461649626295, -4.035929249597695, -0.13151315095412208
146, -0.016184568405151367, -0.777110755443573, 2.2059578895568848, 0.016588687896728516, -1.4646810293197632, -0.009507179260253906, 0.9577497100830078, -1.8000887434130823, -5.385735242240344, -4.035924872453542, -0.13149650612030594
147, -0.016184568405151367, -0.7771182060241699, 2.2059898376464844, 0.016579627990722656, -1.4646719694137573, -0.009479999542236328, 0.9577497100830078, -1.8000967003341692, -5.385735167099925, -4.0359371755618945, -0.1314983570698205
148, -0.016184568405151367, -0.777110755443573, 2.205997943878174, 0.016597986221313477, -1.464690089225769, -0.009543657302856445, 0.9577497100830078, -1.800092948582372, -5.385726079702026, -4.035932512623946, -0.13150433925748395
149, -0.016191959381103516, -0.777110755443573, 2.2060298919677734, 0.016579627990722656, -1.4646629095077515, -0.009516477584838867, 0.9577420043945313, -1.8000863422088251, -5.38572234389258, -4.035930828018841, -0.1315119961815876
150, -0.016184568405151367, -0.7771033644676208, 2.206061840057373, 0.016579627990722656, -1.4647177457809448, -0.009516477584838867, 0.9577344512939453, -1.800091891375848, -5.385718799194218, -4.035934117007906, -0.13150582516994458
151, -0.016191959381103516, -0.7771033644676208, 2.2061657905578613, 0.016588687896728516, -1.4647177457809448, -0.009498119354248047, 0.9577497100830078, -1.8000866173008538, -5.3857030058695425, -4.035934396250496, -0.13151265488541597
152, -0.01617717742919922, -0.7771033644676208, 2.2062134742736816, 0.016570568084716797, -1.4647358655929565, -0.009516477584838867, 0.9577344512939453, -1.8000845529554925, -5.385701692997177, -4.035934408685308, -0.131501126783383
153, -0.016199350357055664, -0.7770960330963135, 2.2062695026397705, 0.016579627990722656, -1.4647082090377808, -0.009507179260253906, 0.9577497100830078, -1.8000906714480247, -5.385698848513851, -4.035936667369002, -0.13149493146066593
154, -0.01621389389038086, -0.7771033644676208, 2.2063093185424805, 0.016588687896728516, -1.4647177457809448, -0.009534597396850586, 0.9577497100830078, -1.8000964162964812, -5.385696897521584, -4.035937925767144, -0.13148068987868466
155, -0.01621389389038086, -0.7771033644676208, 2.2063493728637695, 0.016588687896728516, -1.4647177457809448, -0.009516477584838867, 0.9577420043945313, -1.8001046467017, -5.385683490778128, -4.035937688794552, -0.1315048128617704
156, -0.016228914260864258, -0.7771033644676208, 2.206357479095459, 0.016597986221313477, -1.4647358655929565, -0.009525537490844727, 0.9577344512939453, -1.8001081830325452, -5.385675294009864, -4.035940131876109, -0.13151830629402816
157, -0.016206741333007812, -0.7770888805389404, 2.206381320953369, 0.016579627990722656, -1.4647539854049683, -0.009516477584838867, 0.9577572631835938, -1.8001082208550367, -5.385674526818227, -4.03594229986227, -0.13151469437373642
158, -0.01622152328491211, -0.7770888805389404, 2.2063894271850586, 0.016597986221313477, -1.4647539854049683, -0.009507179260253906, 0.9577497100830078, -1.8001153280813273, -5.385678963070982, -4.035941088716565, -0.13152368449682328
159, -0.01622152328491211, -0.7770888805389404, 2.2064051628112793, 0.016579627990722656, -1.4647449254989624, -0.009498119354248047, 0.9577344512939453, -1.8001105484198396, -5.3856772784356695, -4.035940227182791, -0.13151199576446881
160, -0.01622152328491211, -0.7770888805389404, 2.2064132690429688, 0.016588687896728516, -1.4648452997207642, -0.009507179260253906, 0.9577497100830078, -1.800124334350047, -5.385676981176084, -4.035943500891648, -0.1314970163110578
161, -0.0162508487701416, -0.7770812511444092, 2.206421375274658, 0.016579627990722656, -1.464781641960144, -0.009498119354248047, 0.9577497100830078, -1.800125274248553, -5.385666490295325, -4.035945772925852, -0.1315185622068622
162, -0.016243696212768555, -0.7770960330963135, 2.2064132690429688, 0.016588687896728516, -1.464781641960144, -0.009516477584838867, 0.9577572631835938, -1.8001234527975893, -5.38565961830465, -4.035944177713715, -0.1315101853506464
163, -0.016243696212768555, -0.7770960330963135, 2.206437110900879, 0.016579627990722656, -1.4647449254989624, -0.009489059448242188, 0.9577420043945313, -1.8001368718264636, -5.385660737341149, -4.035946318575491, -0.1314993528142745
164, -0.0162508487701416, -0.7770888805389404, 2.206437110900879, 0.016588687896728516, -1.4647358655929565, -0.009507179260253906, 0.9577420043945313, -1.8001334886373026, -5.385657810738411, -4.035945396020995, -0.13150397437181738
165, -0.01625823974609375, -0.7770812511444092, 2.2064452171325684, 0.016570568084716797, -1.4648088216781616, -0.009516477584838867, 0.9577572631835938, -1.8001308039847843, -5.385647554241343, -4.035946692742269, -0.13150785018583644
166, -0.0162508487701416, -0.7770812511444092, 2.206437110900879, 0.016579627990722656, -1.46479070186615, -0.009525537490844727, 0.9577497100830078, -1.8001382172345637, -5.385648016453708, -4.035946492175191, -0.1315109896905664
167, -0.0162508487701416, -0.7770888805389404, 2.2064452171325684, 0.016579627990722656, -1.464781641960144, -0.009507179260253906, 0.9577420043945313, -1.8001414443750707, -5.38565359996911, -4.035947753055465, -0.1314831827582248
168, -0.01627326011657715, -0.7770888805389404, 2.2064452171325684, 0.016579627990722656, -1.4647997617721558, -0.009516477584838867, 0.9577344512939453, -1.800149853013047, -5.385641191497052, -4.035950295346356, -0.13148529057538916
169, -0.01627326011657715, -0.7770812511444092, 2.206453323364258, 0.016579627990722656, -1.4648088216781616, -0.009498119354248047, 0.9577420043945313, -1.8001500649549862, -5.385634633225699, -4.035949841231104, -0.13147530877836822
170, -0.016280651092529297, -0.7770666480064392, 2.206453323364258, 0.016588687896728516, -1.4648360013961792, -0.009534597396850586, 0.9577649688720703, -1.8001519698542923, -5.385637864268596, -4.035949044269745, -0.1314626386294897
171, -0.016295194625854492, -0.7770812511444092, 2.2064690589904785, 0.016597986221313477, -1.4648178815841675, -0.009507179260253906, 0.9577344512939453, -1.8001371981156764, -5.385644597321404, -4.03594728925639, -0.13147142820019297
172, -0.016295194625854492, -0.7770812511444092, 2.206477165222168, 0.016570568084716797, -1.4648269414901733, -0.009479999542236328, 0.9577420043945313, -1.8001550204620436, -5.385648257844677, -4.035947018526637, -0.13146994298585302
173, -0.01630258560180664, -0.7770666480064392, 2.2064614295959473, 0.016579627990722656, -1.4648178815841675, -0.009534597396850586, 0.9577420043945313, -1.8001653418549473, -5.385640672290692, -4.035952544675958, -0.1314643963173614
174, -0.01630997657775879, -0.7770888805389404, 2.2064614295959473, 0.016597986221313477, -1.4648452997207642, -0.009525537490844727, 0.9577572631835938, -1.8001550770388663, -5.385641649884448, -4.035948834343943, -0.13147296184222235
175, -0.01630258560180664, -0.7770812511444092, 2.2064690589904785, 0.016579627990722656, -1.464781641960144, -0.009498119354248047, 0.9577344512939453, -1.8001663487722013, -5.385638750323375, -4.035952700470092, -0.1314730495532217
176, -0.01630258560180664, -0.7770812511444092, 2.2064690589904785, 0.016570568084716797, -1.4648178815841675, -0.009507179260253906, 0.9577420043945313, -1.8001679483539532, -5.385639886782226, -4.035953030659215, -0.1314577772885288
177, -0.01630258560180664, -0.7770593166351318, 2.2064690589904785, 0.016588687896728516, -1.4647997617721558, -0.009507179260253906, 0.9577497100830078, -1.8001539135412283, -5.385642077760101, -4.035951180965626, -0.13145806164731066
178, -0.01630258560180664, -0.777073860168457, 2.2064614295959473, 0.016588687896728516, -1.4647997617721558, -0.009498119354248047, 0.9577497100830078, -1.8001498888601835, -5.385641186219385, -4.0359471205452495, -0.13144249876242498
179, -0.016317367553710938, -0.777073860168457, 2.2064614295959473, 0.016597986221313477, -1.46477210521698, -0.009507179260253906, 0.9577344512939453, -1.8001501083678955, -5.3856445119869525, -4.035949942595851, -0.13145859743312105
180, -0.016317367553710938, -0.777073860168457, 2.2064690589904785, 0.016588687896728516, -1.4647630453109741, -0.009507179260253906, 0.9577649688720703, -1.8001466057997324, -5.385642332399711, -4.035950842835332, -0.13147122133236344
181, -0.016324520111083984, -0.7770812511444092, 2.2064690589904785, 0.016561508178710938, -1.4648088216781616, -0.009516477584838867, 0.9577344512939453, -1.8001405155816577, -5.385639928499181, -4.035949107073722, -0.13146636086500774
182, -0.01630997657775879, -0.777073860168457, 2.2064690589904785, 0.016588687896728516, -1.4648178815841675, -0.009516477584838867, 0.9577420043945313, -1.800142470471253, -5.385638708695897, -4.035952512065632, -0.13146606241383463
183, -0.016324520111083984, -0.777073860168457, 2.206477165222168, 0.016588687896728516, -1.4651557207107544, -0.009534597396850586, 0.9577344512939453, -1.800139647996814, -5.385640612351148, -4.035956906288145, -0.13145127739747497
184, -0.016317367553710938, -0.7770888805389404, 2.206493377685547, 0.016579627990722656, -1.4650827646255493, -0.009498119354248047, 0.9577420043945313, -1.800114821790119, -5.385634706811037, -4.035949147245523, -0.13144006190541724
185, -0.016332149505615234, -0.7770812511444092, 2.2064852714538574, 0.016579627990722656, -1.4650737047195435, -0.009516477584838867, 0.9577420043945313, -1.800117618337612, -5.385633738479915, -4.035948777730503, -0.1314288127031542
186, -0.016332149505615234, -0.7770812511444092, 2.2065091133117676, 0.016588687896728516, -1.4650460481643677, -0.009525537490844727, 0.9577420043945313, -1.8001288904922528, -5.385626562510156, -4.035954111619602, -0.13143233917564956
187, -0.01635432243347168, -0.7770888805389404, 2.2065091133117676, 0.016588687896728516, -1.4650460481643677, -0.009543657302856445, 0.9577497100830078, -1.8001087638331905, -5.385631288493097, -4.035949151538888, -0.13143275905224971
188, -0.01635432243347168, -0.7770888805389404, 2.2065091133117676, 0.016588687896728516, -1.4650460481643677, -0.009507179260253906, 0.9577420043945313, -1.8001086308760725, -5.385637347268184, -4.035949814999066, -0.1314422630040779
189, -0.016361474990844727, -0.7770812511444092, 2.2065253257751465, 0.016588687896728516, -1.4650460481643677, -0.009507179260253906, 0.9577420043945313, -1.8001206882239638, -5.385630755115713, -4.035955200577617, -0.13144284969622966
190, -0.01635432243347168, -0.7770888805389404, 2.206517219543457, 0.016579627990722656, -1.4650646448135376, -0.009507179260253906, 0.9577497100830078, -1.8001148455784675, -5.385640933527791, -4.03595288670523, -0.13144694876336072
191, -0.016339540481567383, -0.777073860168457, 2.2065091133117676, 0.016588687896728516, -1.4650555849075317, -0.009498119354248047, 0.9577572631835938, -1.8001131861770021, -5.385649264796562, -4.0359498025813085, -0.1314474767127507
192, -0.01634693145751953, -0.7770888805389404, 2.206517219543457, 0.016579627990722656, -1.4650737047195435, -0.009489059448242188, 0.9577497100830078, -1.8001172416001903, -5.385646018858282, -4.035951806418996, -0.13144389539009893
193, -0.016339540481567383, -0.7770812511444092, 2.2065253257751465, 0.016579627990722656, -1.4650460481643677, -0.009507179260253906, 0.9577497100830078, -1.8001030431922773, -5.385646015040123, -4.035952113363501, -0.13144780729857697
194, -0.016339540481567383, -0.777073860168457, 2.2065253257751465, 0.016588687896728516, -1.4650646448135376, -0.009479999542236328, 0.9577344512939453, -1.800094959537578, -5.385653291518966, -4.035951214840314, -0.13146359422302556
195, -0.01635432243347168, -0.777073860168457, 2.2065253257751465, 0.016579627990722656, -1.4650646448135376, -0.009516477584838867, 0.9577497100830078, -1.8000920048438007, -5.385649989621902, -4.035950954953209, -0.1314545093708137
196, -0.016339540481567383, -0.7770888805389404, 2.2065253257751465, 0.016579627990722656, -1.4650460481643677, -0.009507179260253906, 0.9577420043945313, -1.8000952005141935, -5.385645966478976, -4.035953961276264, -0.13145472240478817
197, -0.016339540481567383, -0.7770888805389404, 2.206517219543457, 0.016561508178710938, -1.465100884437561, -0.009525537490844727, 0.9577497100830078, -1.8000883754039747, -5.385648893287025, -4.035948833738004, -0.13145285966364817
198, -0.01635432243347168, -0.7770888805389404, 2.2065253257751465, 0.016588687896728516, -1.4650555849075317, -0.009516477584838867, 0.9577497100830078, -1.800097689628405, -5.385645419163567, -4.03595147806906, -0.13146320409807277
199, -0.01634693145751953, -0.7770888805389404, 2.2065253257751465, 0.016588687896728516, -1.4650737047195435, -0.009516477584838867, 0.9577497100830078, -1.8001013306529141, -5.385646911039815, -4.035955728376947, -0.1314710701238635
200, -0.016339540481567383, -0.7770812511444092, 2.206517219543457, 0.016588687896728516, -1.4650460481643677, -0.009498119354248047, 0.9577344512939453, -1.8001034301860501, -5.385644954112688, -4.035955590377629, -0.13145702997620123
201, -0.016339540481567383, -0.7770666480064392, 2.2065253257751465, 0.016579627990722656, -1.4650827646255493, -0.009507179260253906, 0.9577344512939453, -1.8001083410601213, -5.3856405323337215, -4.035958427130485, -0.1314666851194719
202, -0.016339540481567383, -0.7770812511444092, 2.206533193588257, 0.016579627990722656, -1.465109944343567, -0.009479999542236328, 0.9577420043945313, -1.800103800576268, -5.385643760578074, -4.035956343282516, -0.13145878537022782
203, -0.01635432243347168, -0.777073860168457, 2.206533193588257, 0.016588687896728516, -1.465100884437561, -0.009498119354248047, 0.9577726745605468, -1.8001105702459648, -5.385642968636832, -4.035957776248837, -0.13144804377877506
204, -0.016339540481567383, -0.777073860168457, 2.2065253257751465, 0.016579627990722656, -1.4650555849075317, -0.009489059448242188, 0.9577344512939453, -1.8001160818948057, -5.385649724083916, -4.035957173554316, -0.13145493219986903
205, -0.016332149505615234, -0.7770666480064392, 2.2065253257751465, 0.016579627990722656, -1.4650918245315552, -0.009498119354248047, 0.9577572631835938, -1.8001148385930021, -5.3856461504889195, -4.0359578823467945, -0.1314585127282406
206, -0.016332149505615234, -0.777073860168457, 2.206533193588257, 0.016588687896728516, -1.4650460481643677, -0.009525537490844727, 0.9577344512939453, -1.8001167232503943, -5.385646423822829, -4.03596092657564, -0.13145474735006157
207, -0.01634693145751953, -0.7770666480064392, 2.206517219543457, 0.016597986221313477, -1.4650737047195435, -0.009507179260253906, 0.9577572631835938, -1.8001156345592668, -5.3856505371101955, -4.035962486514475, -0.131483825475752
208, -0.016324520111083984, -0.7770812511444092, 2.206517219543457, 0.016579627990722656, -1.4650827646255493, -0.009489059448242188, 0.9577420043945313, -1.800111894608407, -5.385650259124572, -4.0359587844752705, -0.1314848970445759
209, -0.016339540481567383, -0.7770812511444092, 2.2065253257751465, 0.016588687896728516, -1.4650646448135376, -0.009516477584838867, 0.9577344512939453, -1.800115789379128, -5.3856480185486255, -4.035961754588181, -0.13148777569283876
210, -0.016332149505615234, -0.7770666480064392, 2.206533193588257, 0.016588687896728516, -1.4650737047195435, -0.009498119354248047, 0.9577572631835938, -1.8001122232418778, -5.385642669309932, -4.035961810194975, -0.1315050132631086
211, -0.016324520111083984, -0.7770666480064392, 2.206517219543457, 0.016570568084716797, -1.4650737047195435, -0.009489059448242188, 0.9577572631835938, -1.8001117912634594, -5.3856392966048, -4.035958001794721, -0.1315004183080113
212, -0.016324520111083984, -0.7770666480064392, 2.206517219543457, 0.016597986221313477, -1.4650827646255493, -0.009498119354248047, 0.9577497100830078, -1.800123968469998, -5.385642503439847, -4.035961838784852, -0.13150317788685495
213, -0.016317367553710938, -0.7770666480064392, 2.206533193588257, 0.016588687896728516, -1.465027928352356, -0.009498119354248047, 0.9577420043945313, -1.8001325528534797, -5.385650262960752, -4.035963623089361, -0.13150873225334703
214, -0.016332149505615234, -0.7770666480064392, 2.206533193588257, 0.016588687896728516, -1.4650646448135376, -0.009489059448242188, 0.9577420043945313, -1.8001412945630846, -5.385652798881107, -4.0359634825191835, -0.1315237060022394
215, -0.01630997657775879, -0.7770666480064392, 2.206533193588257, 0.016588687896728516, -1.4650737047195435, -0.009507179260253906, 0.9577267456054688, -1.8001427520365314, -5.385646615769802, -4.035962886260007, -0.13153358741043952
216, -0.016295194625854492, -0.7770666480064392, 2.206533193588257, 0.016588687896728516, -1.4650918245315552, -0.009479999542236328, 0.9577497100830078, -1.8001428663804417, -5.385646451747648, -4.0359660912699065, -0.13152966538213295
217, -0.016287803649902344, -0.7770593166351318, 2.2065253257751465, 0.016579627990722656, -1.4650737047195435, -0.009498119354248047, 0.9577497100830078, -1.8001493787639984, -5.385651155674729, -4.035964493869316, -0.13152103557978378
218, -0.01630258560180664, -0.7770516872406006, 2.2065253257751465, 0.016579627990722656, -1.4650460481643677, -0.009498119354248047, 0.9577420043945313, -1.8001503264022467, -5.385646859777733, -4.03596261138206, -0.1315172670270881
219, -0.016287803649902344, -0.7770516872406006, 2.206533193588257, 0.016597986221313477, -1.4650827646255493, -0.009489059448242188, 0.9577572631835938, -1.8001575013287034, -5.385643984656784, -4.035962119321326, -0.13151600038928013
220, -0.01630258560180664, -0.7770593166351318, 2.2065253257751465, 0.016579627990722656, -1.4650827646255493, -0.009507179260253906, 0.9577420043945313, -1.8001528639746627, -5.385649417274074, -4.035961807856612, -0.13151415411980594
221, -0.016295194625854492, -0.7770445346832275, 2.2065253257751465, 0.016570568084716797, -1.4650918245315552, -0.009507179260253906, 0.9577420043945313, -1.8001539626829954, -5.385650101121816, -4.035964435269679, -0.13150825187953963
222, -0.016287803649902344, -0.7770516872406006, 2.2065253257751465, 0.016607046127319336, -1.465109944343567, -0.009507179260253906, 0.9577497100830078, -1.8001600983054176, -5.385645507244121, -4.035962910010232, -0.13151887742131052
223, -0.01630258560180664, -0.7770516872406006, 2.206533193588257, 0.016579627990722656, -1.4650555849075317, -0.009516477584838867, 0.9577572631835938, -1.80016625424486, -5.385639819888091, -4.035966904961357, -0.13152935412499733
224, -0.016295194625854492, -0.7770516872406006, 2.206533193588257, 0.016579627990722656, -1.4650460481643677, -0.009479999542236328, 0.9577497100830078, -1.8001642942348217, -5.385641061389632, -4.03596731950248, -0.13152777814662286
225, -0.016287803649902344, -0.7770593166351318, 2.2065253257751465, 0.016588687896728516, -1.4650646448135376, -0.009489059448242188, 0.9577497100830078, -1.800166468608937, -5.385646811848254, -4.035968551527292, -0.13154377172829257
226, -0.016295194625854492, -0.7770516872406006, 2.206517219543457, 0.016579627990722656, -1.4650646448135376, -0.009489059448242188, 0.9577420043945313, -1.8001584675184263, -5.385644294162225, -4.035968785634606, -0.1315211615349341
227, -0.016287803649902344, -0.7770516872406006, 2.2065253257751465, 0.016588687896728516, -1.4650555849075317, -0.009516477584838867, 0.9577420043945313, -1.8001597641643354, -5.385649069345845, -4.035967261888275, -0.13153786325366745
228, -0.016280651092529297, -0.7770445346832275, 2.206533193588257, 0.016579627990722656, -1.4650646448135376, -0.009498119354248047, 0.9577497100830078, -1.800162426053749, -5.385647000023994, -4.0359686781959025, -0.13153684962069256
229, -0.01627326011657715, -0.7770445346832275, 2.206533193588257, 0.016579627990722656, -1.4650827646255493, -0.009479999542236328, 0.9577420043945313, -1.8001491463892452, -5.385644272089972, -4.035966939605097, -0.13154299782242784
230, -0.016287803649902344, -0.7770297527313232, 2.206533193588257, 0.016570568084716797, -1.4650646448135376, -0.009479999542236328, 0.9577420043945313, -1.8001536105757556, -5.385635070581365, -4.03596776031022, -0.13154467173702766
231, -0.016280651092529297, -0.7770516872406006, 2.206533193588257, 0.016579627990722656, -1.4650555849075317, -0.009507179260253906, 0.9577420043945313, -1.8001537856554628, -5.38562957225952, -4.035970448213709, -0.13153760000097048
232, -0.016280651092529297, -0.7770371437072754, 2.206533193588257, 0.016588687896728516, -1.4650460481643677, -0.009498119354248047, 0.9577420043945313, -1.8001585981419388, -5.385630210242833, -4.0359695059281915, -0.13153621349757394
233, -0.016280651092529297, -0.7770445346832275, 2.206533193588257, 0.016588687896728516, -1.465100884437561, -0.009498119354248047, 0.9577572631835938, -1.8001585742328654, -5.385638161388833, -4.035970262927105, -0.13151232099801202
234, -0.016295194625854492, -0.7770297527313232, 2.206533193588257, 0.016588687896728516, -1.4650646448135376, -0.009498119354248047, 0.9577420043945313, -1.8001558181272646, -5.38564158410403, -4.035973245929441, -0.13152011574295042
235, -0.016295194625854492, -0.7770371437072754, 2.206541061401367, 0.016579627990722656, -1.4650827646255493, -0.009498119354248047, 0.9577420043945313, -1.8001567224505466, -5.385631020543296, -4.035970541037281, -0.13150923161788963
236, -0.016287803649902344, -0.7770297527313232, 2.206541061401367, 0.016570568084716797, -1.465109944343567, -0.009461641311645508, 0.9577420043945313, -1.8001539633906, -5.385637524617883, -4.035970922752168, -0.13150530959788131
237, -0.016287803649902344, -0.7770297527313232, 2.206533193588257, 0.016588687896728516, -1.4650555849075317, -0.009489059448242188, 0.9577497100830078, -1.8001503485941934, -5.385628706773764, -4.035968565069524, -0.13151415862602356
238, -0.016295194625854492, -0.7770371437072754, 2.206533193588257, 0.016579627990722656, -1.4650646448135376, -0.009498119354248047, 0.9577572631835938, -1.8001539862400855, -5.385624151761633, -4.035973910848392, -0.13152300685292673
239, -0.01630258560180664, -0.7770297527313232, 2.206541061401367, 0.016588687896728516, -1.4651190042495728, -0.009507179260253906, 0.9577420043945313, -1.8001607426387292, -5.385627329689711, -4.035973782285173, -0.13151720720583526
240, -0.016287803649902344, -0.7770297527313232, 2.206533193588257, 0.016579627990722656, -1.465100884437561, -0.009507179260253906, 0.9577420043945313, -1.8001660980467107, -5.385627999408272, -4.035977151411566, -0.1315214793680548
241, -0.016295194625854492, -0.7770223021507263, 2.206533193588257, 0.016579627990722656, -1.4650369882583618, -0.009507179260253906, 0.9577572631835938, -1.8001473021014536, -5.385616994403073, -4.03597522554968, -0.13153534005115297
242, -0.016287803649902344, -0.7770297527313232, 2.206533193588257, 0.016579627990722656, -1.4650555849075317, -0.009498119354248047, 0.9577420043945313, -1.8001496810170758, -5.385623019341204, -4.035975387497835, -0.13154089837344163
243, -0.01630997657775879, -0.7770223021507263, 2.206533193588257, 0.016597986221313477, -1.4651190042495728, -0.009489059448242188, 0.9577497100830078, -1.800157244481463, -5.3856234208482885, -4.035978413016426, -0.13151878238635106
244, -0.01630258560180664, -0.7770445346832275, 2.206541061401367, 0.016579627990722656, -1.465109944343567, -0.009507179260253906, 0.9577649688720703, -1.8001574335423576, -5.385620747951971, -4.035979549522117, -0.13151619198159725
245, -0.01630258560180664, -0.7770297527313232, 2.206541061401367, 0.016579627990722656, -1.465027928352356, -0.009479999542236328, 0.9577497100830078, -1.8001563395644489, -5.38562475404602, -4.0359805189022255, -0.1315168162604312
246, -0.01630258560180664, -0.777014970779419, 2.206533193588257, 0.016597986221313477, -1.4650827646255493, -0.009498119354248047, 0.9577572631835938, -1.800162405459415, -5.385626006212153, -4.035979875963323, -0.1315050110133722
247, -0.016317367553710938, -0.7770297527313232, 2.206557273864746, 0.016570568084716797, -1.4650460481643677, -0.009498119354248047, 0.9577267456054688, -1.8001550881487094, -5.385615153596009, -4.0359777606524405, -0.13151038370193824
248, -0.01630258560180664, -0.7770223021507263, 2.206541061401367, 0.016579627990722656, -1.465109944343567, -0.009479999542236328, 0.9577497100830078, -1.8001482575577012, -5.385615716304778, -4.035979614671063, -0.13153928622493893
249, -0.01630997657775879, -0.7770445346832275, 2.206541061401367, 0.016570568084716797, -1.4650737047195435, -0.009489059448242188, 0.9577572631835938, -1.8001501510599247, -5.38561572521175, -4.035977687849446, -0.13152352919745525
250, -0.01630997657775879, -0.7770297527313232, 2.2065491676330566, 0.016588687896728516, -1.4650555849075317, -0.009489059448242188, 0.9577497100830078, -1.8001554423806252, -5.38561681774742, -4.035978877721216, -0.13153571659372254
251, -0.01630258560180664, -0.7769927978515625, 2.206541061401367, 0.016588687896728516, -1.465183138847351, -0.009507179260253906, 0.9577497100830078, -1.8001583648671728, -5.385614359197254, -4.0359789410981985, -0.1315468802726052
