# Arm joint positions + body pose collected at 100.0 Hz
# Timestamp: 20251118_130129
# Format: timestep, timestamp_utc, arm0.sh0, arm0.sh1, arm0.el0, arm0.el1, arm0.wr0, arm0.wr1, gripper_open_percentage, body_x, body_y, body_z, body_theta
# Body pose is in odom frame (x, y, z in meters, theta in radians)

0, 1763488889.230842, -0.017389297, -0.768199603, 2.154361725, 0.029295762, -1.420980692, -0.019462824, 0.960123800, 0.167002931, -5.361854474, -4.083730478, -0.194839373
1, 1763488889.262016, -0.017384370, -0.768192212, 2.154367129, 0.029298862, -1.420989831, -0.019453843, 0.960111033, 0.167003637, -5.361856874, -4.083728637, -0.194819666
2, 1763488889.285043, -0.017386913, -0.768197139, 2.154367129, 0.029298782, -1.420971632, -0.019456784, 0.960113576, 0.166991157, -5.361858083, -4.083733793, -0.194817501
3, 1763488889.309242, -0.017384211, -0.768202066, 2.154364427, 0.029298782, -1.420977672, -0.019466003, 0.960128886, 0.166988183, -5.361856122, -4.083730523, -0.194820665
4, 1763488889.3388622, -0.017381907, -0.768201987, 2.154364427, 0.029295762, -1.420962493, -0.019472043, 0.960131404, 0.166990207, -5.361857864, -4.083732891, -0.194809637
5, 1763488889.368139, -0.017386913, -0.768199523, 2.154364427, 0.029298862, -1.420965592, -0.019469023, 0.960131454, 0.166990336, -5.361857362, -4.083732416, -0.194806001
6, 1763488889.393386, -0.017384370, -0.768197060, 2.154361725, 0.029308081, -1.420971632, -0.019466003, 0.960113576, 0.166996131, -5.361857300, -4.083730668, -0.194820222
7, 1763488889.4159858, -0.017379284, -0.768201987, 2.154367129, 0.029301882, -1.420968612, -0.019462824, 0.960116145, 0.166990198, -5.361867408, -4.083733092, -0.194830812
8, 1763488889.446141, -0.017386754, -0.768204451, 2.154364427, 0.029298782, -1.420968533, -0.019459883, 0.960133972, 0.166980623, -5.361864887, -4.083733825, -0.194823647
9, 1763488889.479928, -0.017384370, -0.768209279, 2.154361725, 0.029308001, -1.420971632, -0.019447645, 0.960128860, 0.166983471, -5.361866067, -4.083735091, -0.194801513
10, 1763488889.503264, -0.017386754, -0.768199503, 2.154367129, 0.029301882, -1.420983791, -0.019466003, 0.960128886, 0.166977312, -5.361860798, -4.083730735, -0.194791946
11, 1763488889.530593, -0.017379363, -0.768197139, 2.154364427, 0.029301961, -1.420971553, -0.019456863, 0.960123800, 0.166969962, -5.361851604, -4.083736460, -0.194792411
12, 1763488889.560184, -0.017386754, -0.768201987, 2.154369831, 0.029292742, -1.420962413, -0.019459883, 0.960128886, 0.166973035, -5.361853951, -4.083736575, -0.194799965
13, 1763488889.584911, -0.017386675, -0.768214107, 2.154364427, 0.029289643, -1.420980692, -0.019466003, 0.960123774, 0.166971689, -5.361846071, -4.083736398, -0.194804145
14, 1763488889.613343, -0.017381827, -0.768211822, 2.154361804, 0.029298862, -1.420971553, -0.019465923, 0.960131404, 0.166971100, -5.361857961, -4.083736529, -0.194805000
15, 1763488889.63676, -0.017386754, -0.768199523, 2.154367129, 0.029311101, -1.420956373, -0.019456784, 0.960121231, 0.166975333, -5.361858772, -4.083736539, -0.194808185
16, 1763488889.666906, -0.017386754, -0.768204431, 2.154367129, 0.029301882, -1.420968612, -0.019453764, 0.960128911, 0.166973485, -5.361846279, -4.083737082, -0.194809707
17, 1763488889.690604, -0.017384211, -0.768204510, 2.154367129, 0.029298862, -1.420959393, -0.019468943, 0.960123800, 0.166968824, -5.361839542, -4.083737580, -0.194801276
18, 1763488889.712576, -0.017386913, -0.768192212, 2.154364506, 0.029304981, -1.420968612, -0.019441605, 0.960128886, 0.166970113, -5.361838835, -4.083737917, -0.194782850
19, 1763488889.740376, -0.017384211, -0.768199603, 2.154367129, 0.029295762, -1.420983712, -0.019466003, 0.960139033, 0.166972492, -5.361843620, -4.083739440, -0.194788593
20, 1763488889.793062, -0.017389297, -0.768199603, 2.154367129, 0.029301882, -1.420968612, -0.019450823, 0.960121257, 0.166974813, -5.361840720, -4.083739554, -0.194799662
21, 1763488889.816721, -0.017386913, -0.768204371, 2.154359102, 0.029295762, -1.420977672, -0.019472043, 0.960121257, 0.166978133, -5.361840140, -4.083741224, -0.194802530
22, 1763488889.8415082, -0.017391682, -0.768199603, 2.154361725, 0.029308081, -1.420965513, -0.019456863, 0.960123800, 0.166976083, -5.361833784, -4.083736346, -0.194804026
23, 1763488889.86918, -0.017379363, -0.768201987, 2.154359182, 0.029292742, -1.420965592, -0.019472043, 0.960131429, 0.166975249, -5.361836282, -4.083739205, -0.194800466
24, 1763488889.893077, -0.017386913, -0.768197139, 2.154364506, 0.029308001, -1.420965592, -0.019459963, 0.960126343, 0.166971866, -5.361831163, -4.083739326, -0.194792169
25, 1763488889.91596, -0.017384370, -0.768206815, 2.154359102, 0.029301882, -1.420977672, -0.019456863, 0.960133998, 0.166967198, -5.361824601, -4.083742137, -0.194805268
26, 1763488889.943988, -0.017394145, -0.768197139, 2.154375235, 0.029298862, -1.420974652, -0.019469023, 0.960121257, 0.166970442, -5.361830443, -4.083739944, -0.194813538
27, 1763488889.971803, -0.017386754, -0.768201987, 2.154364427, 0.029301882, -1.420983712, -0.019459883, 0.960128911, 0.166962778, -5.361830663, -4.083741468, -0.194834210
28, 1763488889.998303, -0.017386913, -0.768204371, 2.154369831, 0.029308001, -1.420962493, -0.019462903, 0.960126343, 0.166961365, -5.361830387, -4.083742393, -0.194846731
29, 1763488890.024251, -0.017386913, -0.768202066, 2.154361725, 0.029298862, -1.420989831, -0.019453764, 0.960121257, 0.166968275, -5.361830682, -4.083739716, -0.194854387
30, 1763488890.046197, -0.017384370, -0.768211822, 2.154361725, 0.029295762, -1.420965513, -0.019453764, 0.960116145, 0.166966878, -5.361826724, -4.083738550, -0.194851242
31, 1763488890.077319, -0.017389218, -0.768197139, 2.154367129, 0.029301882, -1.420965513, -0.019472043, 0.960121231, 0.166967248, -5.361824779, -4.083740744, -0.194869491
32, 1763488890.107981, -0.017386754, -0.768202066, 2.154369831, 0.029314121, -1.420968533, -0.019459883, 0.960131454, 0.166969658, -5.361819221, -4.083736728, -0.194871256
33, 1763488890.135027, -0.017381827, -0.768209219, 2.154367129, 0.029298862, -1.420962493, -0.019472043, 0.960123749, 0.166964242, -5.361827978, -4.083738285, -0.194862796
34, 1763488890.1690938, -0.017384370, -0.768199523, 2.154364427, 0.029298862, -1.420968533, -0.019447724, 0.960118713, 0.166961988, -5.361824078, -4.083738153, -0.194859433
35, 1763488890.196573, -0.017384370, -0.768199523, 2.154367129, 0.029304981, -1.420962413, -0.019459804, 0.960113576, 0.166957418, -5.361820722, -4.083739375, -0.194860468
36, 1763488890.220674, -0.017386913, -0.768201987, 2.154369831, 0.029289643, -1.420968533, -0.019466003, 0.960126343, 0.166946053, -5.361817812, -4.083742319, -0.194871307
37, 1763488890.244001, -0.017386913, -0.768204451, 2.154369831, 0.029304981, -1.420971632, -0.019456784, 0.960128911, 0.166954473, -5.361819442, -4.083738000, -0.194874350
38, 1763488890.281111, -0.017381827, -0.768202066, 2.154369831, 0.029298782, -1.420965433, -0.019450744, 0.960121231, 0.166951238, -5.361831354, -4.083740245, -0.194883303
39, 1763488890.304018, -0.017384370, -0.768204451, 2.154369831, 0.029308001, -1.420977672, -0.019466003, 0.960121257, 0.166947014, -5.361833365, -4.083739121, -0.194867289
40, 1763488890.3296452, -0.017376900, -0.768204371, 2.154364427, 0.029314041, -1.420971553, -0.019469023, 0.960131429, 0.166954701, -5.361838804, -4.083737409, -0.194848938
41, 1763488890.355071, -0.017381827, -0.768194596, 2.154364427, 0.029295842, -1.420974652, -0.019456863, 0.960128886, 0.166945380, -5.361831456, -4.083740394, -0.194848354
42, 1763488890.391996, -0.017384370, -0.768201987, 2.154367129, 0.029304981, -1.420965513, -0.019447724, 0.960116145, 0.166940332, -5.361828379, -4.083741277, -0.194856611
43, 1763488890.416265, -0.017384211, -0.768202066, 2.154361725, 0.029301882, -1.420962572, -0.019453764, 0.960121231, 0.166931774, -5.361828105, -4.083742455, -0.194858767
44, 1763488890.438387, -0.017386754, -0.768197060, 2.154369831, 0.029304981, -1.420986811, -0.019447724, 0.960139084, 0.166924402, -5.361825891, -4.083745237, -0.194852302
45, 1763488890.467264, -0.017391682, -0.768199603, 2.154364427, 0.029308081, -1.420974652, -0.019456784, 0.960126368, 0.166927448, -5.361831026, -4.083747401, -0.194860528
46, 1763488890.492469, -0.017386913, -0.768201987, 2.154367129, 0.029308081, -1.420983712, -0.019447724, 0.960133998, 0.166936741, -5.361825258, -4.083742174, -0.194858196
47, 1763488890.517704, -0.017381827, -0.768187284, 2.154369831, 0.029301882, -1.420968612, -0.019441605, 0.960123800, 0.166929035, -5.361820601, -4.083746166, -0.194860794
48, 1763488890.5460858, -0.017379443, -0.768199603, 2.154367129, 0.029304981, -1.420974652, -0.019435565, 0.960133998, 0.166923515, -5.361814035, -4.083748566, -0.194856369
49, 1763488890.5791008, -0.017384370, -0.768184781, 2.154369831, 0.029295762, -1.420974652, -0.019441605, 0.960126292, 0.166915411, -5.361811833, -4.083746754, -0.194859559
50, 1763488890.6073868, -0.017379363, -0.768202066, 2.154361725, 0.029301882, -1.420980692, -0.019450823, 0.960128911, 0.166915027, -5.361808233, -4.083747746, -0.194856125
51, 1763488890.6280801, -0.017381827, -0.768204451, 2.154367129, 0.029304981, -1.420968612, -0.019450744, 0.960118688, 0.166913826, -5.361811715, -4.083746478, -0.194855451
52, 1763488890.651309, -0.017379363, -0.768204431, 2.154364427, 0.029298782, -1.420983791, -0.019432545, 0.960121257, 0.166908337, -5.361814725, -4.083747660, -0.194862837
53, 1763488890.681259, -0.017384211, -0.768211663, 2.154364427, 0.029307922, -1.420971473, -0.019459804, 0.960121231, 0.166903298, -5.361809691, -4.083748929, -0.194859010
54, 1763488890.70311, -0.017389297, -0.768201967, 2.154369831, 0.029295762, -1.420980692, -0.019444625, 0.960133998, 0.166900534, -5.361812120, -4.083752115, -0.194854710
55, 1763488890.729985, -0.017381748, -0.768201987, 2.154367129, 0.029304902, -1.420992851, -0.019450744, 0.960136541, 0.166897197, -5.361816016, -4.083750114, -0.194859004
56, 1763488890.759582, -0.017386754, -0.768197139, 2.154372533, 0.029298862, -1.420980692, -0.019438585, 0.960133998, 0.166894386, -5.361812481, -4.083749356, -0.194870316
57, 1763488890.786602, -0.017384370, -0.768199603, 2.154367129, 0.029308081, -1.420977672, -0.019438664, 0.960116119, 0.166886565, -5.361817949, -4.083752093, -0.194881941
58, 1763488890.81099, -0.017384370, -0.768209279, 2.154369831, 0.029298862, -1.420968533, -0.019441605, 0.960123774, 0.166880136, -5.361810506, -4.083751694, -0.194885024
59, 1763488890.83565, -0.017386754, -0.768209279, 2.154367129, 0.029308001, -1.420974652, -0.019453764, 0.960123800, 0.166873542, -5.361813971, -4.083755012, -0.194875246
60, 1763488890.8686469, -0.017389297, -0.768197139, 2.154367129, 0.029295762, -1.420974652, -0.019435565, 0.960123800, 0.166867242, -5.361807681, -4.083754130, -0.194860554
61, 1763488890.8929431, -0.017386913, -0.768209279, 2.154367129, 0.029304981, -1.420971553, -0.019447724, 0.960131429, 0.166868782, -5.361800840, -4.083752366, -0.194863793
62, 1763488890.925291, -0.017386754, -0.768202066, 2.154375235, 0.029295842, -1.420974652, -0.019426425, 0.960123774, 0.166866216, -5.361799962, -4.083754503, -0.194862788
63, 1763488890.9552839, -0.017384291, -0.768209219, 2.154359102, 0.029295762, -1.420980692, -0.019432545, 0.960136515, 0.166869283, -5.361797995, -4.083750292, -0.194859169
64, 1763488890.978892, -0.017386754, -0.768197139, 2.154369831, 0.029301882, -1.420974731, -0.019423405, 0.960131454, 0.166866106, -5.361804343, -4.083751882, -0.194861225
65, 1763488891.011638, -0.017386913, -0.768197139, 2.154367129, 0.029298862, -1.420977672, -0.019435485, 0.960128911, 0.166861755, -5.361800416, -4.083751929, -0.194872039
66, 1763488891.033215, -0.017386913, -0.768197060, 2.154369831, 0.029295762, -1.420977672, -0.019432545, 0.960131454, 0.166867520, -5.361804407, -4.083748683, -0.194885146
67, 1763488891.06128, -0.017384211, -0.768204451, 2.154367129, 0.029295762, -1.420962493, -0.019432545, 0.960133998, 0.166857895, -5.361801090, -4.083753658, -0.194893534
68, 1763488891.090784, -0.017384370, -0.768194675, 2.154369831, 0.029298782, -1.420977672, -0.019438585, 0.960123800, 0.166850698, -5.361806551, -4.083753687, -0.194902414
69, 1763488891.113861, -0.017386754, -0.768202066, 2.154372533, 0.029295762, -1.420962493, -0.019435565, 0.960123800, 0.166848143, -5.361811337, -4.083754072, -0.194901854
70, 1763488891.141846, -0.017389297, -0.768202066, 2.154367129, 0.029289722, -1.420992851, -0.019429445, 0.960131429, 0.166838397, -5.361800773, -4.083754790, -0.194914720
71, 1763488891.164478, -0.017389297, -0.768201987, 2.154369831, 0.029292742, -1.420971632, -0.019435565, 0.960123800, 0.166841956, -5.361805591, -4.083755710, -0.194927223
72, 1763488891.19105, -0.017386754, -0.768206835, 2.154361725, 0.029301882, -1.420968533, -0.019426505, 0.960128911, 0.166846797, -5.361805966, -4.083755318, -0.194944082
73, 1763488891.217172, -0.017386754, -0.768199523, 2.154369831, 0.029301882, -1.420965592, -0.019417365, 0.960133998, 0.166834827, -5.361798927, -4.083755132, -0.194970480
74, 1763488891.241024, -0.017379363, -0.768204431, 2.154372533, 0.029301882, -1.420971632, -0.019438585, 0.960126368, 0.166837742, -5.361800592, -4.083755203, -0.194961568
75, 1763488891.2673259, -0.017384211, -0.768204431, 2.154367129, 0.029314041, -1.420956373, -0.019435565, 0.960118688, 0.166831866, -5.361792663, -4.083752399, -0.194945656
76, 1763488891.2916238, -0.017384370, -0.768206894, 2.154369831, 0.029295762, -1.420986811, -0.019438585, 0.960139084, 0.166818469, -5.361791411, -4.083753952, -0.194952933
77, 1763488891.315038, -0.017384211, -0.768201987, 2.154364506, 0.029301961, -1.420965513, -0.019435565, 0.960126368, 0.166814596, -5.361785484, -4.083756169, -0.194943495
78, 1763488891.346729, -0.017384370, -0.768204431, 2.154372533, 0.029289643, -1.420974731, -0.019429525, 0.960131404, 0.166805711, -5.361784731, -4.083756340, -0.194931648
79, 1763488891.369649, -0.017379363, -0.768199583, 2.154367129, 0.029298862, -1.420974652, -0.019438585, 0.960121257, 0.166796099, -5.361783851, -4.083758773, -0.194917885
80, 1763488891.3991199, -0.017379363, -0.768197060, 2.154375235, 0.029301882, -1.420977672, -0.019426425, 0.960116145, 0.166788328, -5.361776664, -4.083758461, -0.194922982
81, 1763488891.426778, -0.017381827, -0.768202066, 2.154361725, 0.029292663, -1.420974652, -0.019456863, 0.960118688, 0.166779749, -5.361776121, -4.083760716, -0.194915634
82, 1763488891.4548538, -0.017381827, -0.768197139, 2.154369831, 0.029311101, -1.420974652, -0.019438585, 0.960121257, 0.166781678, -5.361778851, -4.083759989, -0.194906130
83, 1763488891.478751, -0.017389297, -0.768194675, 2.154367129, 0.029292742, -1.420974652, -0.019432545, 0.960128911, 0.166763137, -5.361777409, -4.083760254, -0.194906688
84, 1763488891.50854, -0.017384370, -0.768201987, 2.154369831, 0.029298862, -1.420986811, -0.019444704, 0.960123800, 0.166750095, -5.361778952, -4.083763881, -0.194910798
85, 1763488891.534452, -0.017384370, -0.768199603, 2.154364427, 0.029311101, -1.420983791, -0.019435565, 0.960136541, 0.166739432, -5.361772137, -4.083760472, -0.194917943
86, 1763488891.556421, -0.017384370, -0.768199523, 2.154364427, 0.029295842, -1.420974652, -0.019429445, 0.960136515, 0.166734032, -5.361769659, -4.083764808, -0.194929185
87, 1763488891.581116, -0.017384291, -0.768204431, 2.154367129, 0.029298862, -1.420968612, -0.019441605, 0.960121231, 0.166733818, -5.361766444, -4.083764685, -0.194934972
88, 1763488891.6141582, -0.017381827, -0.768194675, 2.154369831, 0.029292742, -1.420965592, -0.019429445, 0.960126368, 0.166725550, -5.361773942, -4.083764673, -0.194942915
89, 1763488891.640943, -0.017379363, -0.768199424, 2.154361725, 0.029301961, -1.420983791, -0.019438585, 0.960128860, 0.166728155, -5.361776503, -4.083765178, -0.194958152
90, 1763488891.669199, -0.017386754, -0.768204451, 2.154367129, 0.029295842, -1.420980692, -0.019438664, 0.960128911, 0.166720301, -5.361768818, -4.083767358, -0.194964694
91, 1763488891.69227, -0.017389297, -0.768201987, 2.154367129, 0.029298862, -1.420956294, -0.019429445, 0.960128911, 0.166716715, -5.361769758, -4.083768270, -0.194983074
92, 1763488891.725769, -0.017376820, -0.768201967, 2.154372533, 0.029304981, -1.420989831, -0.019435565, 0.960126343, 0.166721581, -5.361776222, -4.083764233, -0.194998645
93, 1763488891.751601, -0.017391761, -0.768206835, 2.154372533, 0.029314121, -1.420971473, -0.019423405, 0.960131454, 0.166716925, -5.361777503, -4.083765324, -0.194993221
94, 1763488891.7739, -0.017381748, -0.768202066, 2.154369831, 0.029304902, -1.420965513, -0.019423485, 0.960133998, 0.166723242, -5.361768953, -4.083766738, -0.194994136
95, 1763488891.811973, -0.017384370, -0.768206835, 2.154372533, 0.029301882, -1.420965513, -0.019426505, 0.960126343, 0.166724573, -5.361774687, -4.083766014, -0.195003800
96, 1763488891.845031, -0.017389297, -0.768204451, 2.154369831, 0.029298862, -1.420959393, -0.019441605, 0.960131454, 0.166724541, -5.361769012, -4.083769442, -0.195016135
97, 1763488891.87584, -0.017386675, -0.768197139, 2.154364427, 0.029304981, -1.420971632, -0.019429445, 0.960128886, 0.166726346, -5.361774433, -4.083767756, -0.195025929
98, 1763488891.907265, -0.017386754, -0.768201987, 2.154369831, 0.029289643, -1.420983712, -0.019432465, 0.960133972, 0.166731386, -5.361771944, -4.083766068, -0.195023223
99, 1763488891.933901, -0.017379363, -0.768201907, 2.154364427, 0.029298862, -1.420971632, -0.019426425, 0.960128886, 0.166734562, -5.361774801, -4.083765528, -0.195025804
100, 1763488891.9575539, -0.017384211, -0.768199603, 2.154369831, 0.029295842, -1.420971632, -0.019438585, 0.960131429, 0.166735072, -5.361775311, -4.083767572, -0.195026968
101, 1763488891.9794738, -0.017386754, -0.768199484, 2.154372533, 0.029292742, -1.420965513, -0.019438585, 0.960123800, 0.166738339, -5.361766917, -4.083766812, -0.195038638
102, 1763488892.0096362, -0.017386754, -0.768197139, 2.154369831, 0.029295762, -1.420965513, -0.019417286, 0.960133998, 0.166740286, -5.361770187, -4.083764912, -0.195036649
103, 1763488892.0356429, -0.017386754, -0.768194675, 2.154367129, 0.029301882, -1.420989831, -0.019426425, 0.960136464, 0.166739756, -5.361770796, -4.083764477, -0.195040338
104, 1763488892.062759, -0.017384291, -0.768204371, 2.154372533, 0.029292742, -1.420971632, -0.019423326, 0.960121257, 0.166739315, -5.361763368, -4.083765927, -0.195036766
105, 1763488892.087496, -0.017381827, -0.768209279, 2.154369831, 0.029295762, -1.420971553, -0.019420306, 0.960131454, 0.166743648, -5.361761684, -4.083764860, -0.195036183
106, 1763488892.115029, -0.017386913, -0.768201987, 2.154372533, 0.029301882, -1.420980692, -0.019429445, 0.960126343, 0.166748977, -5.361763549, -4.083765298, -0.195035598
107, 1763488892.1450229, -0.017384370, -0.768199603, 2.154369831, 0.029308001, -1.420962413, -0.019420385, 0.960131454, 0.166748337, -5.361770727, -4.083765756, -0.195038550
108, 1763488892.167697, -0.017384370, -0.768199523, 2.154369831, 0.029311021, -1.420962493, -0.019408147, 0.960128911, 0.166757306, -5.361776864, -4.083763161, -0.195046719
109, 1763488892.191635, -0.017384370, -0.768192212, 2.154364427, 0.029292663, -1.420974652, -0.019423485, 0.960131404, 0.166754731, -5.361778715, -4.083764845, -0.195064083
110, 1763488892.218011, -0.017386754, -0.768209279, 2.154367129, 0.029311021, -1.420974652, -0.019429525, 0.960126343, 0.166753980, -5.361778649, -4.083762149, -0.195083187
111, 1763488892.240861, -0.017389297, -0.768199523, 2.154375235, 0.029298782, -1.420977672, -0.019408147, 0.960121257, 0.166754555, -5.361778927, -4.083764712, -0.195085788
112, 1763488892.267091, -0.017389297, -0.768199523, 2.154372533, 0.029298862, -1.420971632, -0.019426425, 0.960133947, 0.166746734, -5.361783738, -4.083764940, -0.195094909
113, 1763488892.29523, -0.017386913, -0.768206815, 2.154367129, 0.029314041, -1.420977672, -0.019417286, 0.960126368, 0.166742534, -5.361781757, -4.083764648, -0.195106599
114, 1763488892.332706, -0.017384370, -0.768192192, 2.154367129, 0.029304902, -1.420962413, -0.019399007, 0.960131454, 0.166746298, -5.361786831, -4.083763875, -0.195107257
115, 1763488892.362824, -0.017381827, -0.768197139, 2.154372533, 0.029295762, -1.420983712, -0.019402107, 0.960131454, 0.166742555, -5.361785746, -4.083767470, -0.195114994
116, 1763488892.387459, -0.017386754, -0.768201987, 2.154369831, 0.029298782, -1.420977672, -0.019417365, 0.960131429, 0.166747357, -5.361785229, -4.083767070, -0.195120962
117, 1763488892.415037, -0.017381748, -0.768204451, 2.154367129, 0.029298862, -1.420980692, -0.019408226, 0.960123774, 0.166742222, -5.361790272, -4.083766646, -0.195111797
118, 1763488892.437788, -0.017384370, -0.768197139, 2.154369831, 0.029277404, -1.420974652, -0.019414186, 0.960126343, 0.166742478, -5.361786137, -4.083766758, -0.195108970
119, 1763488892.462069, -0.017386913, -0.768206835, 2.154367129, 0.029298862, -1.420971632, -0.019420385, 0.960133972, 0.166749531, -5.361783904, -4.083763571, -0.195100833
120, 1763488892.485023, -0.017379363, -0.768204451, 2.154375235, 0.029298862, -1.420974652, -0.019414266, 0.960133998, 0.166747121, -5.361785915, -4.083766578, -0.195099650
121, 1763488892.508277, -0.017386913, -0.768189748, 2.154375156, 0.029298862, -1.420986732, -0.019420385, 0.960133998, 0.166752134, -5.361790243, -4.083769335, -0.195112328
122, 1763488892.538385, -0.017381827, -0.768204371, 2.154372533, 0.029295762, -1.420965513, -0.019417286, 0.960121257, 0.166752376, -5.361790168, -4.083763857, -0.195097749
123, 1763488892.5613718, -0.017384370, -0.768199523, 2.154372533, 0.029301882, -1.420968612, -0.019420306, 0.960133998, 0.166748707, -5.361794184, -4.083765696, -0.195082835
124, 1763488892.584013, -0.017381748, -0.768201907, 2.154377858, 0.029298862, -1.420971632, -0.019402107, 0.960126343, 0.166748085, -5.361795030, -4.083768573, -0.195091695
125, 1763488892.6136189, -0.017386754, -0.768204451, 2.154377778, 0.029301882, -1.420956294, -0.019429525, 0.960123825, 0.166745436, -5.361802140, -4.083766132, -0.195094534
126, 1763488892.648169, -0.017384370, -0.768204431, 2.154372533, 0.029301882, -1.420962493, -0.019417286, 0.960128886, 0.166752897, -5.361811882, -4.083767876, -0.195088748
127, 1763488892.682611, -0.017386913, -0.768206835, 2.154372533, 0.029295762, -1.420977672, -0.019399087, 0.960126317, 0.166754846, -5.361821760, -4.083768248, -0.195096794
128, 1763488892.706708, -0.017394066, -0.768201987, 2.154372533, 0.029295762, -1.420980692, -0.019423405, 0.960131404, 0.166755177, -5.361818296, -4.083769993, -0.195090023
129, 1763488892.738663, -0.017384211, -0.768201907, 2.154372533, 0.029295762, -1.420974652, -0.019420385, 0.960128886, 0.166766902, -5.361810041, -4.083768860, -0.195091497
130, 1763488892.760184, -0.017389297, -0.768199523, 2.154367129, 0.029292742, -1.420977672, -0.019399007, 0.960121231, 0.166764788, -5.361811823, -4.083771143, -0.195106670
131, 1763488892.783361, -0.017384211, -0.768197139, 2.154377937, 0.029298862, -1.420977672, -0.019408147, 0.960131404, 0.166762502, -5.361817106, -4.083770504, -0.195116008
132, 1763488892.8087099, -0.017391682, -0.768202066, 2.154377937, 0.029295762, -1.420977592, -0.019417286, 0.960133972, 0.166769997, -5.361815869, -4.083766959, -0.195097937
133, 1763488892.8406851, -0.017379363, -0.768199603, 2.154372533, 0.029295762, -1.420977592, -0.019408147, 0.960126343, 0.166770104, -5.361816626, -4.083768422, -0.195108210
134, 1763488892.8674939, -0.017381827, -0.768201987, 2.154372533, 0.029295762, -1.420971632, -0.019408147, 0.960133998, 0.166776645, -5.361811138, -4.083767437, -0.195098539
135, 1763488892.892213, -0.017379363, -0.768197139, 2.154369831, 0.029292742, -1.420968612, -0.019405206, 0.960121257, 0.166776562, -5.361811741, -4.083766586, -0.195099403
136, 1763488892.931649, -0.017384370, -0.768194675, 2.154369831, 0.029301882, -1.420977672, -0.019420306, 0.960139058, 0.166777027, -5.361812687, -4.083767948, -0.195101109
137, 1763488892.9579961, -0.017389297, -0.768202066, 2.154375235, 0.029292742, -1.420986811, -0.019405206, 0.960123800, 0.166777324, -5.361814844, -4.083767970, -0.195108813
138, 1763488892.9801338, -0.017386754, -0.768206894, 2.154369831, 0.029295762, -1.420968612, -0.019399087, 0.960139058, 0.166781614, -5.361815315, -4.083767615, -0.195106365
139, 1763488893.005307, -0.017386913, -0.768201987, 2.154367129, 0.029301882, -1.420968612, -0.019389947, 0.960126343, 0.166785693, -5.361812728, -4.083768522, -0.195101878
140, 1763488893.037347, -0.017386754, -0.768201987, 2.154367129, 0.029298862, -1.420980692, -0.019380728, 0.960133998, 0.166786184, -5.361806678, -4.083768127, -0.195115372
141, 1763488893.063564, -0.017389139, -0.768201987, 2.154372533, 0.029301882, -1.420980771, -0.019405127, 0.960133972, 0.166783079, -5.361800117, -4.083770023, -0.195102741
142, 1763488893.089869, -0.017381827, -0.768197060, 2.154369831, 0.029301882, -1.420974652, -0.019399007, 0.960128886, 0.166785642, -5.361802777, -4.083768751, -0.195100321
143, 1763488893.1167, -0.017384370, -0.768202066, 2.154369831, 0.029298862, -1.420968612, -0.019392888, 0.960123800, 0.166786890, -5.361803570, -4.083769391, -0.195089163
144, 1763488893.148862, -0.017389297, -0.768206835, 2.154369831, 0.029301882, -1.420974652, -0.019389868, 0.960123800, 0.166791691, -5.361808884, -4.083769500, -0.195096589
145, 1763488893.17646, -0.017379284, -0.768206835, 2.154372533, 0.029295762, -1.420980692, -0.019383828, 0.960141627, 0.166798338, -5.361804985, -4.083765102, -0.195100759
146, 1763488893.209131, -0.017391682, -0.768202066, 2.154369831, 0.029289643, -1.420974652, -0.019402027, 0.960121206, 0.166798848, -5.361806006, -4.083769607, -0.195103968
147, 1763488893.2417212, -0.017381827, -0.768202066, 2.154369831, 0.029304981, -1.420977672, -0.019389868, 0.960131454, 0.166806487, -5.361809169, -4.083766423, -0.195127533
148, 1763488893.2713768, -0.017384370, -0.768204451, 2.154369831, 0.029298862, -1.420965513, -0.019389947, 0.960133972, 0.166807630, -5.361798821, -4.083770356, -0.195126528
149, 1763488893.3100631, -0.017384370, -0.768194675, 2.154369831, 0.029311101, -1.420959314, -0.019389947, 0.960123800, 0.166813611, -5.361797257, -4.083766970, -0.195138213
150, 1763488893.344743, -0.017384370, -0.768197139, 2.154372533, 0.029298782, -1.420980692, -0.019399087, 0.960121257, 0.166815871, -5.361803962, -4.083768220, -0.195154195
151, 1763488893.3953578, -0.017384211, -0.768199503, 2.154367129, 0.029304981, -1.420971553, -0.019399007, 0.960131429, 0.166822721, -5.361805126, -4.083765182, -0.195159892
152, 1763488893.4210749, -0.017384370, -0.768206835, 2.154369831, 0.029304981, -1.420983712, -0.019395987, 0.960126368, 0.166826513, -5.361799443, -4.083765039, -0.195154979
153, 1763488893.456984, -0.017384370, -0.768199603, 2.154369831, 0.029301882, -1.420977751, -0.019395987, 0.960128911, 0.166831547, -5.361794348, -4.083761656, -0.195166042
154, 1763488893.482286, -0.017384370, -0.768204431, 2.154369831, 0.029292663, -1.420980692, -0.019395987, 0.960128911, 0.166825665, -5.361787974, -4.083765918, -0.195168083
155, 1763488893.508241, -0.017384370, -0.768206894, 2.154375235, 0.029295762, -1.420965513, -0.019395987, 0.960139058, 0.166830422, -5.361792563, -4.083764147, -0.195174409
156, 1763488893.536567, -0.017379284, -0.768204451, 2.154369831, 0.029289643, -1.420983712, -0.019408147, 0.960139084, 0.166835511, -5.361799171, -4.083763913, -0.195184354
157, 1763488893.587861, -0.017386754, -0.768194675, 2.154372533, 0.029301961, -1.420968533, -0.019392967, 0.960126343, 0.166842964, -5.361790343, -4.083761438, -0.195193486
158, 1763488893.621056, -0.017386754, -0.768201987, 2.154372533, 0.029298862, -1.420977672, -0.019386848, 0.960128911, 0.166852767, -5.361787395, -4.083764043, -0.195179822
159, 1763488893.6532962, -0.017381827, -0.768197139, 2.154375235, 0.029304902, -1.420983712, -0.019386848, 0.960118688, 0.166863192, -5.361787585, -4.083761130, -0.195176787
160, 1763488893.675819, -0.017381827, -0.768199603, 2.154369831, 0.029292742, -1.420962493, -0.019395987, 0.960128886, 0.166857307, -5.361781329, -4.083764000, -0.195185750
161, 1763488893.6975381, -0.017384370, -0.768201987, 2.154372533, 0.029311101, -1.420971632, -0.019389868, 0.960121257, 0.166858685, -5.361781091, -4.083760271, -0.195181651
162, 1763488893.720876, -0.017379284, -0.768201987, 2.154369831, 0.029292663, -1.420986811, -0.019402027, 0.960131429, 0.166859844, -5.361775881, -4.083761633, -0.195179210
163, 1763488893.749428, -0.017384370, -0.768199603, 2.154369831, 0.029311101, -1.420986811, -0.019392888, 0.960128860, 0.166861598, -5.361776261, -4.083762145, -0.195178949
164, 1763488893.7723231, -0.017386913, -0.768206835, 2.154375235, 0.029292742, -1.420974652, -0.019395987, 0.960128886, 0.166864601, -5.361785559, -4.083758078, -0.195180263
165, 1763488893.797556, -0.017386754, -0.768197139, 2.154375235, 0.029295842, -1.420974652, -0.019386848, 0.960139084, 0.166860892, -5.361778819, -4.083763259, -0.195179600
166, 1763488893.8219268, -0.017376900, -0.768199523, 2.154372533, 0.029292742, -1.420977672, -0.019389868, 0.960128886, 0.166868374, -5.361777359, -4.083762935, -0.195199512
167, 1763488893.858975, -0.017381827, -0.768199603, 2.154377858, 0.029308081, -1.420992931, -0.019402027, 0.960123825, 0.166873422, -5.361773218, -4.083760684, -0.195208004
168, 1763488893.885094, -0.017381827, -0.768204371, 2.154375235, 0.029295762, -1.420977672, -0.019377708, 0.960133972, 0.166881407, -5.361766474, -4.083762992, -0.195223668
169, 1763488893.9105752, -0.017384211, -0.768197139, 2.154369831, 0.029301882, -1.420986811, -0.019392888, 0.960126343, 0.166892617, -5.361764277, -4.083761948, -0.195235822
170, 1763488893.9375181, -0.017384370, -0.768201987, 2.154372533, 0.029311021, -1.420977672, -0.019386848, 0.960131404, 0.166885624, -5.361755451, -4.083758675, -0.195250405
171, 1763488893.9657059, -0.017384370, -0.768206815, 2.154380560, 0.029298862, -1.420965513, -0.019395987, 0.960144119, 0.166888601, -5.361765159, -4.083759068, -0.195257779
172, 1763488893.9923708, -0.017381827, -0.768194675, 2.154375235, 0.029295762, -1.420965592, -0.019377708, 0.960139058, 0.166894280, -5.361764171, -4.083758858, -0.195254250
173, 1763488894.017069, -0.017386913, -0.768206815, 2.154375235, 0.029301961, -1.420950174, -0.019386848, 0.960128886, 0.166894026, -5.361763662, -4.083758221, -0.195242037
174, 1763488894.0425448, -0.017386754, -0.768197139, 2.154372533, 0.029308001, -1.420962572, -0.019377788, 0.960118713, 0.166897705, -5.361778333, -4.083758527, -0.195241916
175, 1763488894.07359, -0.017379363, -0.768199523, 2.154377858, 0.029298782, -1.420971553, -0.019389868, 0.960126368, 0.166894689, -5.361781590, -4.083759773, -0.195263534
176, 1763488894.09704, -0.017384370, -0.768202066, 2.154375235, 0.029295762, -1.420977672, -0.019386848, 0.960139084, 0.166897151, -5.361779978, -4.083760508, -0.195269643
177, 1763488894.12508, -0.017379284, -0.768201987, 2.154369831, 0.029304981, -1.420980771, -0.019386848, 0.960131454, 0.166893245, -5.361784422, -4.083760810, -0.195279547
178, 1763488894.159945, -0.017381907, -0.768204451, 2.154369831, 0.029308001, -1.420974652, -0.019383828, 0.960126317, 0.166898610, -5.361777292, -4.083759447, -0.195280805
179, 1763488894.193558, -0.017379363, -0.768197139, 2.154377858, 0.029301882, -1.420965513, -0.019389868, 0.960121257, 0.166908692, -5.361777030, -4.083762816, -0.195282431
180, 1763488894.216181, -0.017379284, -0.768199603, 2.154375235, 0.029301882, -1.420998971, -0.019402107, 0.960126368, 0.166915645, -5.361781084, -4.083755987, -0.195282776
181, 1763488894.241911, -0.017379363, -0.768204451, 2.154372533, 0.029298782, -1.420971632, -0.019402107, 0.960133972, 0.166909750, -5.361786564, -4.083757203, -0.195285097
182, 1763488894.275699, -0.017381827, -0.768206894, 2.154372533, 0.029304981, -1.420971632, -0.019386848, 0.960121231, 0.166906405, -5.361782778, -4.083758772, -0.195295648
183, 1763488894.298641, -0.017386913, -0.768199603, 2.154369831, 0.029301882, -1.420971553, -0.019399007, 0.960126343, 0.166906774, -5.361774593, -4.083761633, -0.195302955
184, 1763488894.3244102, -0.017386913, -0.768197139, 2.154377937, 0.029304981, -1.420986811, -0.019368490, 0.960131454, 0.166903690, -5.361769952, -4.083759550, -0.195313832
185, 1763488894.3505769, -0.017386754, -0.768201967, 2.154369831, 0.029298862, -1.420968453, -0.019389947, 0.960126343, 0.166904066, -5.361760874, -4.083756998, -0.195325339
186, 1763488894.375436, -0.017384370, -0.768199523, 2.154372533, 0.029304981, -1.420977672, -0.019386848, 0.960123774, 0.166904133, -5.361759206, -4.083761426, -0.195324509
187, 1763488894.40513, -0.017376820, -0.768201987, 2.154372533, 0.029308081, -1.420980692, -0.019377708, 0.960126343, 0.166898329, -5.361764350, -4.083757768, -0.195336015
188, 1763488894.4313228, -0.017384370, -0.768204451, 2.154369831, 0.029304981, -1.420974652, -0.019389868, 0.960126343, 0.166900993, -5.361765347, -4.083759261, -0.195348088
189, 1763488894.4670222, -0.017386913, -0.768197060, 2.154372533, 0.029289643, -1.420968533, -0.019371589, 0.960131454, 0.166900920, -5.361763751, -4.083761265, -0.195356286
190, 1763488894.489689, -0.017384211, -0.768194675, 2.154364506, 0.029298782, -1.420965513, -0.019386848, 0.960133998, 0.166905409, -5.361766125, -4.083762377, -0.195363373
191, 1763488894.5127199, -0.017379363, -0.768199603, 2.154367129, 0.029286623, -1.420971553, -0.019392888, 0.960126343, 0.166909801, -5.361761138, -4.083762022, -0.195350843
192, 1763488894.54, -0.017381907, -0.768199523, 2.154375235, 0.029298782, -1.420968612, -0.019383748, 0.960121231, 0.166914683, -5.361759440, -4.083759533, -0.195353128
193, 1763488894.576426, -0.017381907, -0.768197139, 2.154367129, 0.029301882, -1.420977672, -0.019377788, 0.960118688, 0.166906373, -5.361756151, -4.083762324, -0.195343321
194, 1763488894.6073248, -0.017389297, -0.768206894, 2.154372533, 0.029295762, -1.420974652, -0.019380728, 0.960131454, 0.166908925, -5.361749221, -4.083761809, -0.195328575
195, 1763488894.638966, -0.017386754, -0.768204431, 2.154372533, 0.029298862, -1.420962413, -0.019374688, 0.960131454, 0.166914071, -5.361744084, -4.083764966, -0.195314259
196, 1763488894.670881, -0.017381748, -0.768201987, 2.154372533, 0.029304981, -1.420965513, -0.019377708, 0.960123800, 0.166919105, -5.361750281, -4.083761488, -0.195322109
197, 1763488894.6948612, -0.017379363, -0.768192212, 2.154372533, 0.029311101, -1.420980771, -0.019377708, 0.960126368, 0.166912685, -5.361747934, -4.083766281, -0.195306509
198, 1763488894.725406, -0.017381827, -0.768194675, 2.154369831, 0.029301882, -1.420974572, -0.019392967, 0.960133947, 0.166918735, -5.361750078, -4.083765053, -0.195308467
199, 1763488894.746186, -0.017386913, -0.768201987, 2.154367129, 0.029301882, -1.420986811, -0.019383748, 0.960126368, 0.166918299, -5.361746041, -4.083764145, -0.195308241
200, 1763488894.7745988, -0.017381827, -0.768204451, 2.154372533, 0.029298862, -1.420965592, -0.019389868, 0.960131454, 0.166915325, -5.361746696, -4.083764457, -0.195296224
201, 1763488894.8004758, -0.017386754, -0.768199523, 2.154372533, 0.029304902, -1.420974652, -0.019383828, 0.960133972, 0.166916972, -5.361742000, -4.083764163, -0.195292396
202, 1763488894.823693, -0.017384370, -0.768201987, 2.154375235, 0.029308001, -1.420965513, -0.019380728, 0.960133998, 0.166912822, -5.361740810, -4.083767979, -0.195290481
203, 1763488894.8459551, -0.017386913, -0.768204371, 2.154377937, 0.029298862, -1.420971632, -0.019389868, 0.960123800, 0.166913829, -5.361741026, -4.083768421, -0.195296147
204, 1763488894.882949, -0.017384370, -0.768202066, 2.154375235, 0.029292663, -1.420971553, -0.019386848, 0.960136541, 0.166921609, -5.361742322, -4.083767665, -0.195305736
205, 1763488894.9199638, -0.017386913, -0.768209219, 2.154375235, 0.029298782, -1.420953194, -0.019380728, 0.960128911, 0.166928175, -5.361750050, -4.083766997, -0.195294340
206, 1763488894.948779, -0.017379363, -0.768204371, 2.154375235, 0.029304981, -1.420962413, -0.019389868, 0.960139058, 0.166928337, -5.361734940, -4.083769757, -0.195278984
207, 1763488894.992782, -0.017384370, -0.768199523, 2.154375235, 0.029298862, -1.420977672, -0.019368649, 0.960139033, 0.166934236, -5.361738037, -4.083767485, -0.195276410
208, 1763488895.021665, -0.017381748, -0.768199603, 2.154377937, 0.029301882, -1.420974731, -0.019365470, 0.960128911, 0.166933007, -5.361740337, -4.083771786, -0.195264882
209, 1763488895.047667, -0.017384211, -0.768209279, 2.154377937, 0.029301882, -1.420977672, -0.019377708, 0.960128911, 0.166941943, -5.361745218, -4.083769298, -0.195272494
210, 1763488895.08564, -0.017391682, -0.768206835, 2.154367129, 0.029304981, -1.420977672, -0.019377708, 0.960123800, 0.166943661, -5.361741894, -4.083770093, -0.195277116
211, 1763488895.109182, -0.017381748, -0.768197139, 2.154367129, 0.029304902, -1.420977751, -0.019365549, 0.960126343, 0.166945624, -5.361740150, -4.083768271, -0.195278131
212, 1763488895.135675, -0.017379284, -0.768199484, 2.154372533, 0.029298862, -1.420965433, -0.019371668, 0.960126368, 0.166952813, -5.361734441, -4.083766852, -0.195302071
213, 1763488895.1632378, -0.017384370, -0.768194675, 2.154375235, 0.029292742, -1.420980692, -0.019380728, 0.960116145, 0.166957755, -5.361727107, -4.083769252, -0.195286062
214, 1763488895.198337, -0.017384370, -0.768197060, 2.154375235, 0.029298862, -1.420974652, -0.019386848, 0.960128886, 0.166968078, -5.361725117, -4.083766714, -0.195264952
215, 1763488895.2235332, -0.017381827, -0.768204431, 2.154372533, 0.029295762, -1.420971553, -0.019383748, 0.960128911, 0.166964534, -5.361723966, -4.083769145, -0.195258795
216, 1763488895.245358, -0.017386754, -0.768206835, 2.154372533, 0.029304981, -1.420980771, -0.019374688, 0.960126343, 0.166975457, -5.361735080, -4.083769696, -0.195257955
217, 1763488895.274473, -0.017386675, -0.768204451, 2.154375235, 0.029301882, -1.420983791, -0.019380728, 0.960131454, 0.166983155, -5.361739927, -4.083767435, -0.195248738
218, 1763488895.304458, -0.017389297, -0.768201987, 2.154375235, 0.029304981, -1.420983791, -0.019374688, 0.960113602, 0.166991364, -5.361741051, -4.083768440, -0.195240293
219, 1763488895.3333309, -0.017389297, -0.768197139, 2.154372533, 0.029304981, -1.420968612, -0.019380808, 0.960131454, 0.166991767, -5.361752824, -4.083767374, -0.195248550
220, 1763488895.367676, -0.017384370, -0.768199523, 2.154375235, 0.029301961, -1.420965592, -0.019377708, 0.960128911, 0.166995171, -5.361747582, -4.083769398, -0.195238814
221, 1763488895.4067469, -0.017379284, -0.768206815, 2.154369831, 0.029298862, -1.420980692, -0.019371589, 0.960128911, 0.167002161, -5.361748405, -4.083766198, -0.195250005
222, 1763488895.437176, -0.017379284, -0.768189728, 2.154372533, 0.029295762, -1.420977672, -0.019386848, 0.960116145, 0.167004212, -5.361748969, -4.083766807, -0.195252167
223, 1763488895.4680698, -0.017386754, -0.768202066, 2.154372533, 0.029304981, -1.420968533, -0.019371589, 0.960128886, 0.167011919, -5.361752837, -4.083765934, -0.195243854
224, 1763488895.494823, -0.017376820, -0.768202066, 2.154375235, 0.029311021, -1.420962413, -0.019368569, 0.960131454, 0.167027360, -5.361746459, -4.083763527, -0.195236395
225, 1763488895.5214021, -0.017389297, -0.768206835, 2.154369831, 0.029304902, -1.420986811, -0.019365549, 0.960131454, 0.167032575, -5.361752130, -4.083762083, -0.195240708
226, 1763488895.547009, -0.017376820, -0.768204451, 2.154372533, 0.029311101, -1.420971632, -0.019362450, 0.960121231, 0.167035771, -5.361744542, -4.083764631, -0.195249887
227, 1763488895.573746, -0.017389297, -0.768192212, 2.154372533, 0.029301961, -1.420977672, -0.019383828, 0.960126368, 0.167041301, -5.361749588, -4.083761376, -0.195248566
228, 1763488895.6060002, -0.017389139, -0.768199603, 2.154369831, 0.029308001, -1.420956373, -0.019377708, 0.960123800, 0.167041433, -5.361754964, -4.083762433, -0.195269725
229, 1763488895.631532, -0.017381827, -0.768209279, 2.154377937, 0.029298862, -1.420971632, -0.019383748, 0.960131454, 0.167044979, -5.361751001, -4.083765619, -0.195273386
230, 1763488895.657212, -0.017379284, -0.768199523, 2.154380560, 0.029301882, -1.420989752, -0.019377708, 0.960128860, 0.167049893, -5.361748873, -4.083766692, -0.195276195
231, 1763488895.6963542, -0.017381748, -0.768202066, 2.154375156, 0.029308001, -1.420980692, -0.019371589, 0.960136541, 0.167069026, -5.361739695, -4.083763564, -0.195295337
232, 1763488895.7190762, -0.017381827, -0.768201987, 2.154367129, 0.029298862, -1.420968612, -0.019383828, 0.960128860, 0.167080457, -5.361744838, -4.083762836, -0.195302746
233, 1763488895.743948, -0.017381827, -0.768206815, 2.154369831, 0.029301882, -1.420965433, -0.019377788, 0.960123800, 0.167086279, -5.361742709, -4.083763815, -0.195301055
234, 1763488895.768522, -0.017384370, -0.768199603, 2.154375235, 0.029301961, -1.420971632, -0.019386848, 0.960123800, 0.167096716, -5.361754418, -4.083761606, -0.195293118
235, 1763488895.799547, -0.017384370, -0.768197139, 2.154372533, 0.029295762, -1.420971553, -0.019368569, 0.960116145, 0.167093631, -5.361753103, -4.083761302, -0.195294652
236, 1763488895.8219678, -0.017384370, -0.768199603, 2.154377858, 0.029298862, -1.420977672, -0.019374688, 0.960133972, 0.167087972, -5.361745000, -4.083764990, -0.195296559
237, 1763488895.8427541, -0.017381827, -0.768204431, 2.154364427, 0.029298862, -1.420959393, -0.019377708, 0.960131454, 0.167095463, -5.361750219, -4.083763658, -0.195300385
238, 1763488895.875193, -0.017379363, -0.768199523, 2.154377858, 0.029304902, -1.420962413, -0.019362450, 0.960123800, 0.167098374, -5.361749758, -4.083763806, -0.195303058
239, 1763488895.90433, -0.017381827, -0.768201987, 2.154377937, 0.029304902, -1.420983712, -0.019374688, 0.960136541, 0.167102587, -5.361745893, -4.083763830, -0.195303358
240, 1763488895.9330492, -0.017384370, -0.768202066, 2.154375235, 0.029301882, -1.420965592, -0.019377708, 0.960123800, 0.167104981, -5.361734164, -4.083762569, -0.195309767
241, 1763488895.959695, -0.017386913, -0.768204451, 2.154369831, 0.029301882, -1.420980771, -0.019386848, 0.960118688, 0.167115186, -5.361732231, -4.083762366, -0.195328868
242, 1763488895.985364, -0.017391682, -0.768199603, 2.154372533, 0.029298862, -1.420956214, -0.019362529, 0.960123800, 0.167120428, -5.361727441, -4.083762531, -0.195342413
243, 1763488896.0150259, -0.017386754, -0.768194675, 2.154375235, 0.029298782, -1.420977672, -0.019365549, 0.960133998, 0.167122969, -5.361720010, -4.083760883, -0.195350295
244, 1763488896.0395231, -0.017389139, -0.768199603, 2.154375235, 0.029298862, -1.420965592, -0.019365549, 0.960133998, 0.167124460, -5.361712574, -4.083763985, -0.195341113
245, 1763488896.0679948, -0.017379363, -0.768211822, 2.154375235, 0.029304902, -1.420986732, -0.019383828, 0.960126343, 0.167128841, -5.361710481, -4.083761210, -0.195344224
246, 1763488896.092163, -0.017381827, -0.768202066, 2.154375235, 0.029298862, -1.420983712, -0.019365549, 0.960116145, 0.167133369, -5.361715637, -4.083762469, -0.195350533
247, 1763488896.120266, -0.017381827, -0.768206974, 2.154377858, 0.029295762, -1.420989831, -0.019380728, 0.960121231, 0.167141031, -5.361713779, -4.083763642, -0.195364429
248, 1763488896.148223, -0.017381748, -0.768199503, 2.154377858, 0.029304981, -1.420965592, -0.019377708, 0.960131429, 0.167146041, -5.361718293, -4.083760226, -0.195375145
249, 1763488896.1799412, -0.017384291, -0.768194675, 2.154372533, 0.029295762, -1.420980692, -0.019374609, 0.960116145, 0.167148507, -5.361718156, -4.083762686, -0.195375172
250, 1763488896.21933, -0.017379284, -0.768204451, 2.154375235, 0.029301882, -1.420974652, -0.019377708, 0.960126343, 0.167151858, -5.361720317, -4.083760328, -0.195374098
251, 1763488896.243273, -0.017381827, -0.768199603, 2.154375156, 0.029295762, -1.420965513, -0.019371668, 0.960128911, 0.167146346, -5.361719912, -4.083765062, -0.195385539
252, 1763488896.273552, -0.017389297, -0.768201987, 2.154367129, 0.029301882, -1.420989831, -0.019377708, 0.960126368, 0.167156504, -5.361717502, -4.083763707, -0.195365807
253, 1763488896.2967381, -0.017386754, -0.768209219, 2.154369831, 0.029292742, -1.420986811, -0.019377708, 0.960131454, 0.167153103, -5.361717004, -4.083765422, -0.195372044
254, 1763488896.3254201, -0.017384370, -0.768206835, 2.154372533, 0.029304981, -1.420986732, -0.019359430, 0.960133998, 0.167157672, -5.361718465, -4.083761274, -0.195358961
255, 1763488896.34829, -0.017381827, -0.768197139, 2.154372533, 0.029295842, -1.420968533, -0.019371668, 0.960121257, 0.167170638, -5.361724719, -4.083758907, -0.195363195
256, 1763488896.3737411, -0.017381827, -0.768206894, 2.154367129, 0.029301882, -1.420971553, -0.019365470, 0.960123800, 0.167160061, -5.361710147, -4.083763589, -0.195363699
257, 1763488896.409285, -0.017384370, -0.768197139, 2.154375235, 0.029301961, -1.420965433, -0.019374688, 0.960121257, 0.167171485, -5.361716635, -4.083762464, -0.195353891
258, 1763488896.4335418, -0.017389297, -0.768202066, 2.154369831, 0.029298862, -1.420971632, -0.019371589, 0.960133972, 0.167177625, -5.361721638, -4.083760142, -0.195357148
259, 1763488896.459968, -0.017386754, -0.768204371, 2.154372533, 0.029304981, -1.420974652, -0.019353310, 0.960116170, 0.167177062, -5.361711120, -4.083761519, -0.195354092
260, 1763488896.483202, -0.017391682, -0.768194596, 2.154372533, 0.029301882, -1.420953274, -0.019362450, 0.960123800, 0.167186595, -5.361715377, -4.083763856, -0.195358787
261, 1763488896.512919, -0.017379363, -0.768201987, 2.154375235, 0.029301961, -1.420971632, -0.019368569, 0.960131429, 0.167189627, -5.361714051, -4.083759989, -0.195362140
262, 1763488896.5431192, -0.017384370, -0.768199603, 2.154377858, 0.029295762, -1.420974652, -0.019371668, 0.960123800, 0.167192031, -5.361715114, -4.083763273, -0.195366730
263, 1763488896.5655968, -0.017379284, -0.768206835, 2.154377937, 0.029298782, -1.420989831, -0.019371589, 0.960131429, 0.167185030, -5.361709136, -4.083762958, -0.195365322
264, 1763488896.591083, -0.017384370, -0.768204371, 2.154372533, 0.029298862, -1.420980692, -0.019371589, 0.960128911, 0.167178890, -5.361711679, -4.083763196, -0.195368935
265, 1763488896.62018, -0.017389297, -0.768199503, 2.154375156, 0.029308001, -1.420962493, -0.019371589, 0.960126368, 0.167185614, -5.361706818, -4.083761468, -0.195369420
266, 1763488896.645087, -0.017384370, -0.768206835, 2.154377937, 0.029295762, -1.420968453, -0.019353310, 0.960121257, 0.167181124, -5.361700902, -4.083760027, -0.195384086
267, 1763488896.674473, -0.017376820, -0.768197139, 2.154372533, 0.029298862, -1.420980692, -0.019368569, 0.960139058, 0.167172844, -5.361700292, -4.083762334, -0.195385208
268, 1763488896.697793, -0.017389139, -0.768140535, 2.154359102, 0.029295762, -1.420977672, -0.019417206, 0.960123825, 0.167192843, -5.361696945, -4.083727801, -0.195401885
269, 1763488896.727577, -0.017403920, -0.767830769, 2.154271285, 0.029283524, -1.420971632, -0.019456784, 0.960136541, 0.167325223, -5.361722318, -4.083547055, -0.195389522
270, 1763488896.7553768, -0.017418623, -0.767442226, 2.154258013, 0.029298862, -1.420931896, -0.019469023, 0.960133998, 0.167481654, -5.361786641, -4.083391147, -0.195382326
271, 1763488896.778496, -0.017384211, -0.767390708, 2.154020945, 0.029292742, -1.420922836, -0.019465923, 0.960133972, 0.167714749, -5.361817832, -4.083184641, -0.195391342
272, 1763488896.8073118, -0.017443339, -0.767420212, 2.153690815, 0.029308081, -1.420913696, -0.019459883, 0.960128911, 0.168002779, -5.361876940, -4.082964680, -0.195323182
273, 1763488896.8370502, -0.017413696, -0.767449697, 2.153363148, 0.029304981, -1.420816501, -0.019478083, 0.960123825, 0.168276263, -5.362003530, -4.082656500, -0.195308118
274, 1763488896.865684, -0.017411311, -0.767380933, 2.153328578, 0.029295762, -1.420755545, -0.019475063, 0.960126343, 0.168594564, -5.362010426, -4.082308685, -0.195298860
275, 1763488896.890502, -0.017484983, -0.767346442, 2.153472344, 0.029289643, -1.420721928, -0.019481103, 0.960128860, 0.168944501, -5.362091040, -4.081900015, -0.195217747
276, 1763488896.921163, -0.017440716, -0.767193993, 2.153397719, 0.029311021, -1.420685450, -0.019462903, 0.960128886, 0.169209975, -5.362241753, -4.081501694, -0.195190395
277, 1763488896.948529, -0.017369429, -0.767122746, 2.153371175, 0.029311021, -1.420663993, -0.019468943, 0.960118713, 0.169635262, -5.362198972, -4.080817288, -0.195203489
278, 1763488896.973917, -0.017435869, -0.766977708, 2.153195381, 0.029304981, -1.420618375, -0.019472043, 0.960136541, 0.169819623, -5.362369585, -4.080192305, -0.195124776
279, 1763488897.00242, -0.017413775, -0.766589383, 2.152905067, 0.029298862, -1.420597076, -0.019466003, 0.960128911, 0.170019698, -5.362428115, -4.079491737, -0.195157639
280, 1763488897.030209, -0.017393986, -0.766282002, 2.152537584, 0.029298782, -1.420566877, -0.019472043, 0.960126343, 0.170232432, -5.362286444, -4.078594721, -0.195176172
281, 1763488897.055873, -0.017467817, -0.766195993, 2.152218103, 0.029320161, -1.420588017, -0.019475063, 0.960123800, 0.170222688, -5.362550321, -4.077776793, -0.195115916
282, 1763488897.0832121, -0.017386913, -0.765955110, 2.152039607, 0.029292742, -1.420560837, -0.019453764, 0.960126343, 0.170310323, -5.362440616, -4.076743022, -0.195186284
283, 1763488897.1058218, -0.017403920, -0.765893598, 2.152050177, 0.029289643, -1.420551618, -0.019475063, 0.960131454, 0.170364450, -5.362294881, -4.075936324, -0.195188215
284, 1763488897.139008, -0.017438412, -0.765854359, 2.151922385, 0.029314121, -1.420566877, -0.019478083, 0.960118688, 0.170210965, -5.362610680, -4.075235822, -0.195152186
285, 1763488897.164568, -0.017376820, -0.765851816, 2.151887735, 0.029289643, -1.420563698, -0.019472043, 0.960133998, 0.170255889, -5.362388764, -4.074396719, -0.195287844
286, 1763488897.188637, -0.017494837, -0.765908460, 2.151815891, 0.029292742, -1.420560837, -0.019475063, 0.960133998, 0.170225435, -5.362300576, -4.073894023, -0.195267789
287, 1763488897.214536, -0.017551343, -0.765920719, 2.151669343, 0.029311101, -1.420560678, -0.019478083, 0.960123800, 0.169993742, -5.362569511, -4.073528501, -0.195235903
288, 1763488897.243598, -0.017426093, -0.765901009, 2.151703993, 0.029295762, -1.420548598, -0.019481182, 0.960131454, 0.170014542, -5.362332453, -4.073058134, -0.195303896
289, 1763488897.274438, -0.017521938, -0.765829702, 2.151727915, 0.029308081, -1.420545578, -0.019487222, 0.960133972, 0.169849158, -5.362405494, -4.072829835, -0.195119772
290, 1763488897.297041, -0.017514626, -0.765834530, 2.151743968, 0.029320240, -1.420539379, -0.019474983, 0.960133998, 0.169737190, -5.362531377, -4.072727442, -0.195058158
291, 1763488897.323031, -0.017359654, -0.765861670, 2.151701371, 0.029292742, -1.420542558, -0.019493262, 0.960111059, 0.169805718, -5.362274866, -4.072603472, -0.195049112
292, 1763488897.358784, -0.017394066, -0.765846888, 2.151664019, 0.029314041, -1.420548439, -0.019466003, 0.960128886, 0.169653919, -5.362394259, -4.072626788, -0.194943468
293, 1763488897.380971, -0.017389139, -0.765810053, 2.151688019, 0.029301882, -1.420515060, -0.019481182, 0.960139084, 0.169615543, -5.362376544, -4.072577918, -0.194967505
294, 1763488897.409533, -0.017408768, -0.765785376, 2.151717186, 0.029295762, -1.420518080, -0.019481182, 0.960131454, 0.169592294, -5.362243214, -4.072565828, -0.194973378
295, 1763488897.439826, -0.017391602, -0.765805145, 2.151682615, 0.029308001, -1.420536200, -0.019466003, 0.960123800, 0.169498028, -5.362368418, -4.072582792, -0.195050481
296, 1763488897.4714382, -0.017423550, -0.765819848, 2.151693344, 0.029304981, -1.420515060, -0.019490242, 0.960128911, 0.169472244, -5.362238858, -4.072565970, -0.195100312
297, 1763488897.495719, -0.017448187, -0.765834510, 2.151679993, 0.029304902, -1.420512040, -0.019469023, 0.960116145, 0.169399500, -5.362331758, -4.072581174, -0.195150357
298, 1763488897.5244951, -0.017423630, -0.765824676, 2.151685317, 0.029304981, -1.420527140, -0.019487222, 0.960136515, 0.169402308, -5.362277848, -4.072571997, -0.195155797
299, 1763488897.5510871, -0.017440875, -0.765805244, 2.151690642, 0.029304981, -1.420515060, -0.019462983, 0.960128886, 0.169356431, -5.362279329, -4.072576468, -0.195148617
300, 1763488897.574954, -0.017443339, -0.765807629, 2.151696046, 0.029301882, -1.420533180, -0.019475063, 0.960128911, 0.169332849, -5.362311887, -4.072572233, -0.195109596
301, 1763488897.6018848, -0.017430941, -0.765812556, 2.151679993, 0.029289643, -1.420524120, -0.019465923, 0.960126368, 0.169335694, -5.362237997, -4.072566805, -0.195081571
302, 1763488897.626555, -0.017416239, -0.765817463, 2.151677370, 0.029298862, -1.420521100, -0.019472043, 0.960126368, 0.169289077, -5.362315423, -4.072575279, -0.195064374
303, 1763488897.660059, -0.017421087, -0.765817384, 2.151679993, 0.029289722, -1.420518080, -0.019481182, 0.960121231, 0.169288310, -5.362258597, -4.072570895, -0.195064321
304, 1763488897.6841102, -0.017435869, -0.765810172, 2.151677370, 0.029304981, -1.420512040, -0.019487222, 0.960118713, 0.169252260, -5.362276869, -4.072584052, -0.195076405
305, 1763488897.710264, -0.017428478, -0.765815020, 2.151687940, 0.029311021, -1.420515060, -0.019468943, 0.960121257, 0.169246251, -5.362263278, -4.072580278, -0.195085674
306, 1763488897.7486742, -0.017435789, -0.765815020, 2.151682615, 0.029311101, -1.420542399, -0.019496441, 0.960123800, 0.169229181, -5.362225057, -4.072582037, -0.195072982
307, 1763488897.770137, -0.017423550, -0.765819848, 2.151677370, 0.029308001, -1.420524120, -0.019475063, 0.960128860, 0.169190795, -5.362253538, -4.072589675, -0.195071712
308, 1763488897.794399, -0.017421166, -0.765802701, 2.151687940, 0.029298862, -1.420521100, -0.019481182, 0.960118688, 0.169188925, -5.362202997, -4.072588148, -0.195070114
309, 1763488897.8164968, -0.017426093, -0.765810092, 2.151685238, 0.029301882, -1.420524120, -0.019493341, 0.960123825, 0.169170602, -5.362235358, -4.072593629, -0.195076475
310, 1763488897.838856, -0.017418702, -0.765805225, 2.151674747, 0.029304981, -1.420530160, -0.019484123, 0.960133972, 0.169176481, -5.362223864, -4.072587623, -0.195080564
311, 1763488897.871028, -0.017421007, -0.765817463, 2.151677370, 0.029301882, -1.420521100, -0.019481103, 0.960131454, 0.169162563, -5.362210542, -4.072590242, -0.195078940
312, 1763488897.8993862, -0.017418702, -0.765817404, 2.151679993, 0.029304902, -1.420524120, -0.019493262, 0.960116145, 0.169143968, -5.362235944, -4.072592009, -0.195070552
313, 1763488897.924845, -0.017421166, -0.765807708, 2.151677370, 0.029295762, -1.420515060, -0.019484202, 0.960121257, 0.169134367, -5.362208127, -4.072590188, -0.195084607
314, 1763488897.9553652, -0.017435869, -0.765810013, 2.151682615, 0.029301882, -1.420518080, -0.019472043, 0.960121257, 0.169111625, -5.362229490, -4.072595262, -0.195089435
315, 1763488897.977043, -0.017430782, -0.765807549, 2.151685317, 0.029301882, -1.420521100, -0.019481103, 0.960118713, 0.169109498, -5.362206765, -4.072592000, -0.195093691
316, 1763488898.004268, -0.017426014, -0.765812556, 2.151674747, 0.029314121, -1.420527299, -0.019481182, 0.960126368, 0.169098907, -5.362221117, -4.072593207, -0.195096712
317, 1763488898.029963, -0.017430782, -0.765817463, 2.151682695, 0.029298862, -1.420518080, -0.019484202, 0.960126343, 0.169098109, -5.362233131, -4.072596171, -0.195104116
318, 1763488898.056406, -0.017423550, -0.765807549, 2.151679993, 0.029295762, -1.420509020, -0.019484202, 0.960131454, 0.169095935, -5.362211839, -4.072595085, -0.195104290
319, 1763488898.08396, -0.017430941, -0.765810172, 2.151677370, 0.029295762, -1.420512040, -0.019466003, 0.960133998, 0.169073243, -5.362225504, -4.072601068, -0.195109672
320, 1763488898.105783, -0.017428557, -0.765814841, 2.151687940, 0.029311101, -1.420521100, -0.019475063, 0.960126368, 0.169069353, -5.362197760, -4.072599401, -0.195095323
321, 1763488898.132426, -0.017423630, -0.765817463, 2.151680072, 0.029301961, -1.420506001, -0.019475142, 0.960123825, 0.169054194, -5.362201082, -4.072603449, -0.195084172
322, 1763488898.168559, -0.017425934, -0.765817404, 2.151679993, 0.029308001, -1.420515060, -0.019484123, 0.960131429, 0.169040743, -5.362193143, -4.072605720, -0.195068773
323, 1763488898.1948678, -0.017421166, -0.765812635, 2.151677370, 0.029301961, -1.420506001, -0.019478162, 0.960126343, 0.169034699, -5.362181828, -4.072608021, -0.195072090
324, 1763488898.219987, -0.017423630, -0.765810013, 2.151679993, 0.029301882, -1.420506001, -0.019484202, 0.960116145, 0.169024632, -5.362194834, -4.072610020, -0.195069056
325, 1763488898.242151, -0.017425934, -0.765819848, 2.151674747, 0.029298862, -1.420524120, -0.019484202, 0.960128911, 0.169018732, -5.362165567, -4.072606002, -0.195056422
326, 1763488898.271436, -0.017421166, -0.765800218, 2.151679993, 0.029298862, -1.420509020, -0.019481103, 0.960131454, 0.169000990, -5.362191635, -4.072612396, -0.195056393
327, 1763488898.294903, -0.017423550, -0.765814940, 2.151682615, 0.029298862, -1.420509020, -0.019478083, 0.960123800, 0.169000123, -5.362191646, -4.072610912, -0.195067226
328, 1763488898.3268118, -0.017426014, -0.765815020, 2.151677370, 0.029314041, -1.420512040, -0.019478083, 0.960133998, 0.168990918, -5.362177489, -4.072609602, -0.195063452
329, 1763488898.356214, -0.017428398, -0.765807549, 2.151679993, 0.029301882, -1.420509020, -0.019490242, 0.960133998, 0.168981937, -5.362193652, -4.072613969, -0.195071159
330, 1763488898.385133, -0.017430782, -0.765815020, 2.151682615, 0.029304981, -1.420509020, -0.019493262, 0.960128911, 0.168970738, -5.362177477, -4.072615715, -0.195076594
331, 1763488898.413546, -0.017425934, -0.765814841, 2.151682615, 0.029308001, -1.420518080, -0.019481182, 0.960126343, 0.168960469, -5.362202534, -4.072617606, -0.195063865
332, 1763488898.439005, -0.017425934, -0.765815020, 2.151674747, 0.029304981, -1.420509020, -0.019469023, 0.960128911, 0.168957229, -5.362180029, -4.072617086, -0.195053947
333, 1763488898.4663801, -0.017423630, -0.765814940, 2.151677370, 0.029298862, -1.420506001, -0.019481182, 0.960126343, 0.168942452, -5.362182721, -4.072619727, -0.195045644
334, 1763488898.489793, -0.017426014, -0.765810092, 2.151682615, 0.029304981, -1.420521100, -0.019487143, 0.960128911, 0.168945054, -5.362179453, -4.072623394, -0.195028760
335, 1763488898.512918, -0.017423550, -0.765814940, 2.151682615, 0.029301961, -1.420493762, -0.019487222, 0.960131454, 0.168937816, -5.362166773, -4.072620813, -0.195016626
336, 1763488898.541437, -0.017423550, -0.765822232, 2.151679993, 0.029301882, -1.420506001, -0.019487302, 0.960123800, 0.168930770, -5.362177601, -4.072625045, -0.195014413
337, 1763488898.5765278, -0.017421166, -0.765810013, 2.151677370, 0.029298862, -1.420502822, -0.019478083, 0.960136541, 0.168931489, -5.362159080, -4.072625896, -0.195011778
338, 1763488898.604701, -0.017428398, -0.765810092, 2.151679993, 0.029304902, -1.420515060, -0.019472043, 0.960131454, 0.168921023, -5.362158700, -4.072629164, -0.195020404
339, 1763488898.628848, -0.017423550, -0.765817463, 2.151679993, 0.029295842, -1.420496941, -0.019472043, 0.960133998, 0.168926713, -5.362151482, -4.072629143, -0.195016346
340, 1763488898.656218, -0.017418702, -0.765815020, 2.151677370, 0.029311021, -1.420515060, -0.019487222, 0.960131454, 0.168928203, -5.362155019, -4.072627969, -0.195018371
341, 1763488898.6904728, -0.017426014, -0.765807708, 2.151677370, 0.029289643, -1.420515060, -0.019478083, 0.960123825, 0.168934269, -5.362152840, -4.072627349, -0.195007302
342, 1763488898.71612, -0.017421166, -0.765824676, 2.151677370, 0.029308001, -1.420506001, -0.019493262, 0.960133972, 0.168928125, -5.362159614, -4.072629090, -0.195021850
343, 1763488898.75163, -0.017428557, -0.765810172, 2.151679993, 0.029301802, -1.420499802, -0.019468943, 0.960131404, 0.168929557, -5.362166948, -4.072624817, -0.195032510
344, 1763488898.779242, -0.017428398, -0.765810092, 2.151685317, 0.029298782, -1.420496941, -0.019466003, 0.960131429, 0.168933677, -5.362170423, -4.072627421, -0.195036317
345, 1763488898.80639, -0.017428398, -0.765814940, 2.151679993, 0.029301882, -1.420506001, -0.019484123, 0.960136541, 0.168935085, -5.362182051, -4.072627099, -0.195034955
346, 1763488898.830314, -0.017423630, -0.765812556, 2.151677370, 0.029298862, -1.420499802, -0.019496361, 0.960123774, 0.168933445, -5.362174034, -4.072624914, -0.195042798
347, 1763488898.8549361, -0.017423630, -0.765812635, 2.151679993, 0.029308001, -1.420502981, -0.019478083, 0.960131454, 0.168930890, -5.362176884, -4.072629470, -0.195035312
348, 1763488898.894658, -0.017426093, -0.765812556, 2.151682615, 0.029311021, -1.420502981, -0.019484202, 0.960123774, 0.168942368, -5.362174628, -4.072626818, -0.195015249
349, 1763488898.926891, -0.017428398, -0.765812556, 2.151677370, 0.029301882, -1.420509020, -0.019472043, 0.960123825, 0.168934787, -5.362166884, -4.072629235, -0.194993142
350, 1763488898.953658, -0.017428557, -0.765817463, 2.151672125, 0.029311021, -1.420502981, -0.019487222, 0.960123800, 0.168934096, -5.362154987, -4.072629315, -0.194983609
351, 1763488898.9853199, -0.017430941, -0.765805244, 2.151677370, 0.029301882, -1.420502981, -0.019487222, 0.960128911, 0.168923967, -5.362153208, -4.072631038, -0.194984075
352, 1763488899.010828, -0.017421166, -0.765812556, 2.151679993, 0.029311101, -1.420521100, -0.019478083, 0.960123800, 0.168922921, -5.362151292, -4.072631817, -0.194978117
353, 1763488899.0355258, -0.017423630, -0.765807549, 2.151679993, 0.029298782, -1.420496941, -0.019487222, 0.960118688, 0.168920801, -5.362148472, -4.072631277, -0.194985544
354, 1763488899.0616472, -0.017416239, -0.765815000, 2.151677370, 0.029301882, -1.420506001, -0.019490242, 0.960131454, 0.168921421, -5.362151830, -4.072630850, -0.194984232
355, 1763488899.0884511, -0.017426014, -0.765822232, 2.151679993, 0.029298782, -1.420499961, -0.019475063, 0.960126368, 0.168922210, -5.362142998, -4.072630156, -0.194985914
356, 1763488899.112412, -0.017428398, -0.765800218, 2.151677370, 0.029308081, -1.420487722, -0.019481103, 0.960121257, 0.168917278, -5.362147143, -4.072630828, -0.194991178
357, 1763488899.1406121, -0.017423550, -0.765805225, 2.151677370, 0.029295762, -1.420496941, -0.019490321, 0.960123800, 0.168913184, -5.362153679, -4.072627442, -0.194994527
358, 1763488899.171626, -0.017421166, -0.765822311, 2.151674747, 0.029292663, -1.420515060, -0.019478083, 0.960136541, 0.168902571, -5.362151614, -4.072629526, -0.195003773
359, 1763488899.202104, -0.017423550, -0.765824755, 2.151677370, 0.029298862, -1.420490901, -0.019490321, 0.960126343, 0.168902895, -5.362154712, -4.072628514, -0.195005381
360, 1763488899.228446, -0.017428557, -0.765824695, 2.151679993, 0.029301882, -1.420509020, -0.019481103, 0.960123800, 0.168900341, -5.362143724, -4.072628582, -0.195008196
361, 1763488899.257935, -0.017433484, -0.765812556, 2.151672125, 0.029311021, -1.420490742, -0.019493341, 0.960136515, 0.168891059, -5.362144301, -4.072631412, -0.195002513
362, 1763488899.291101, -0.017428398, -0.765815020, 2.151677370, 0.029301961, -1.420521100, -0.019493262, 0.960128911, 0.168886128, -5.362135399, -4.072630061, -0.194980459
363, 1763488899.31541, -0.017423550, -0.765817384, 2.151679993, 0.029301882, -1.420496941, -0.019484202, 0.960131454, 0.168872035, -5.362130360, -4.072632221, -0.194954793
364, 1763488899.343539, -0.017423550, -0.765809993, 2.151679993, 0.029311021, -1.420509020, -0.019490242, 0.960128911, 0.168874369, -5.362130056, -4.072632614, -0.194946173
365, 1763488899.37147, -0.017428478, -0.765812397, 2.151674747, 0.029311021, -1.420496941, -0.019481182, 0.960128911, 0.168858130, -5.362122808, -4.072637006, -0.194953729
366, 1763488899.406731, -0.017433325, -0.765812556, 2.151679993, 0.029301882, -1.420506001, -0.019472043, 0.960123825, 0.168857180, -5.362119392, -4.072634099, -0.194949129
367, 1763488899.430016, -0.017421087, -0.765810172, 2.151677370, 0.029308081, -1.420518080, -0.019490321, 0.960128911, 0.168848428, -5.362117235, -4.072637289, -0.194938765
368, 1763488899.468062, -0.017426093, -0.765814940, 2.151677370, 0.029311021, -1.420496782, -0.019493341, 0.960131454, 0.168841885, -5.362122755, -4.072640273, -0.194934821
369, 1763488899.516945, -0.017423630, -0.765829603, 2.151674747, 0.029301961, -1.420499961, -0.019490242, 0.960131454, 0.168851926, -5.362139783, -4.072637279, -0.194932334
370, 1763488899.552583, -0.017426014, -0.765824755, 2.151677370, 0.029304981, -1.420502981, -0.019478083, 0.960133998, 0.168851224, -5.362147202, -4.072638557, -0.194935746
371, 1763488899.57477, -0.014107307, -0.773671707, 2.153413773, 0.041838487, -1.404316982, -0.035003583, 0.962894669, 0.168818031, -5.362128010, -4.072665745, -0.195071356
372, 1763488899.609611, 0.007014434, -0.819627186, 2.168727001, 0.125361363, -1.289694548, -0.118471702, 0.958620046, 0.168973727, -5.362517907, -4.073345389, -0.197223560
373, 1763488899.63423, 0.031774441, -0.887318989, 2.197145462, 0.199485540, -1.204537233, -0.193527142, 0.959340108, 0.169494801, -5.363149591, -4.074438981, -0.199559365
374, 1763488899.661899, 0.051617781, -0.962769330, 2.231361866, 0.256617149, -1.143400192, -0.256033738, 0.959678548, 0.170311807, -5.363675939, -4.075665401, -0.198923119
375, 1763488899.692566, 0.061283986, -1.043772777, 2.268030882, 0.317708572, -1.078507423, -0.320333004, 0.959861730, 0.171199389, -5.364079413, -4.076426263, -0.194442426
376, 1763488899.714441, 0.060629924, -1.117187500, 2.302063465, 0.379484733, -1.020383437, -0.377686977, 0.959828669, 0.172037018, -5.364213027, -4.076530345, -0.189060016
377, 1763488899.7404218, 0.056836843, -1.185702880, 2.335235755, 0.437304338, -0.969993432, -0.429029624, 0.959798101, 0.172937201, -5.364034582, -4.076306319, -0.186203616
378, 1763488899.7656372, 0.053478797, -1.256543795, 2.370490710, 0.491578023, -0.921450694, -0.478795687, 0.959749756, 0.173989716, -5.363664478, -4.075962220, -0.186259774
379, 1763488899.793091, 0.052188158, -1.327741146, 2.405290206, 0.541907231, -0.878124873, -0.525040388, 0.959823558, 0.175145979, -5.363274015, -4.075677348, -0.188597624
380, 1763488899.8179, 0.054024537, -1.421063224, 2.448473374, 0.602228642, -0.828769763, -0.581128200, 0.959648005, 0.176774307, -5.363004387, -4.075470874, -0.192880290
381, 1763488899.84069, 0.057358027, -1.492589990, 2.478782733, 0.645146529, -0.793801705, -0.622871319, 0.959795583, 0.178087221, -5.363068341, -4.075440785, -0.195962013
382, 1763488899.869709, 0.060214520, -1.573922952, 2.509515683, 0.691656033, -0.754374743, -0.670811256, 0.959945679, 0.179603233, -5.363311971, -4.075383925, -0.197662853
383, 1763488899.898205, 0.059897423, -1.646255970, 2.534229755, 0.733173927, -0.721101999, -0.713923931, 0.959981308, 0.180981710, -5.363598930, -4.075264578, -0.196920788
384, 1763488899.925376, 0.057554563, -1.716691295, 2.557428598, 0.769825141, -0.691073656, -0.752690554, 0.960072912, 0.182268436, -5.363998141, -4.074954848, -0.194573244
385, 1763488899.951541, 0.055231492, -1.781679074, 2.578369061, 0.805700143, -0.659334739, -0.788979371, 0.959930420, 0.183411428, -5.364476298, -4.074547925, -0.192607990
386, 1763488899.974674, 0.053618908, -1.839259823, 2.597080390, 0.837438901, -0.630761464, -0.821911494, 0.959884669, 0.184498481, -5.364841467, -4.074268864, -0.191775613
387, 1763488900.0199711, 0.050715685, -1.916927417, 2.623203357, 0.879623413, -0.593738953, -0.866147200, 0.959864273, 0.186098495, -5.365124615, -4.074106619, -0.191909742
388, 1763488900.0531, 0.045867920, -2.022998254, 2.660271883, 0.937467257, -0.545741081, -0.925348520, 0.959938075, 0.188340838, -5.365457395, -4.073975289, -0.193545032
389, 1763488900.079531, 0.043151379, -2.097956896, 2.687539975, 0.977335572, -0.511817137, -0.966504256, 0.959877014, 0.189915553, -5.365680743, -4.073868214, -0.195219165
390, 1763488900.108129, 0.040916840, -2.165732225, 2.712632338, 1.012912313, -0.480963945, -1.003739834, 0.959866842, 0.191298242, -5.365896249, -4.073735325, -0.196157807
391, 1763488900.135923, 0.038281520, -2.235860268, 2.738678058, 1.049898386, -0.448847691, -1.042451461, 0.959894816, 0.192672631, -5.366141230, -4.073591994, -0.196222570
392, 1763488900.163093, 0.035916567, -2.308662891, 2.765759786, 1.088561376, -0.415857951, -1.082249800, 0.959899902, 0.194023698, -5.366415400, -4.073428674, -0.195385684
393, 1763488900.187951, 0.034166336, -2.366388718, 2.787315289, 1.119110107, -0.389086326, -1.113921642, 0.959887187, 0.195014825, -5.366682233, -4.073251167, -0.194522444
394, 1763488900.217272, 0.031626860, -2.441767693, 2.815233231, 1.158987482, -0.353926579, -1.155351162, 0.960050049, 0.196230490, -5.366990980, -4.072953381, -0.193520742
395, 1763488900.2413461, 0.029274225, -2.504375696, 2.838655869, 1.191837192, -0.325347106, -1.189871947, 0.960019480, 0.197204755, -5.367180369, -4.072638050, -0.193052164
396, 1763488900.269399, 0.026847998, -2.569550196, 2.863013029, 1.226461331, -0.295696179, -1.225607077, 0.959884644, 0.198144104, -5.367368975, -4.072255658, -0.193127307
397, 1763488900.2972338, 0.024094661, -2.639695326, 2.888869683, 1.263782144, -0.263863007, -1.264026642, 0.959846471, 0.199069448, -5.367545234, -4.071786662, -0.193718337
398, 1763488900.3267431, 0.021309455, -2.714840889, 2.916244268, 1.303321719, -0.229878108, -1.305465380, 0.959953334, 0.199951474, -5.367675071, -4.071191854, -0.194481387
399, 1763488900.351582, 0.018681447, -2.782318751, 2.940412601, 1.339047631, -0.199265401, -1.342697938, 0.959854075, 0.200650385, -5.367833731, -4.070639338, -0.195002528
400, 1763488900.372757, 0.016650836, -2.837045431, 2.959837596, 1.368327220, -0.174469074, -1.372899691, 0.959986394, 0.201163338, -5.367985932, -4.070203879, -0.195181707
401, 1763488900.407098, 0.014354865, -2.901189963, 2.982482513, 1.402793050, -0.144547304, -1.408665180, 0.960113653, 0.201710129, -5.368129160, -4.069719167, -0.194985749
402, 1763488900.431293, 0.011840185, -2.968842506, 3.008304516, 1.442706982, -0.110684156, -1.449854374, 0.960538534, 0.202226702, -5.368293636, -4.069255802, -0.194545139
403, 1763488900.457269, 0.009590705, -3.015427351, 3.029678981, 1.477172891, -0.080664953, -1.485884666, 0.960612386, 0.202480096, -5.368429541, -4.068992862, -0.194149370
404, 1763488900.482327, 0.007110278, -3.051087459, 3.051626126, 1.511973500, -0.049617052, -1.521455288, 0.960586878, 0.202597987, -5.368535250, -4.068838891, -0.193925562
405, 1763488900.5111601, 0.005271435, -3.073239009, 3.071075122, 1.535473307, -0.024811586, -1.545551618, 0.960658112, 0.202638557, -5.368584329, -4.068801418, -0.193891136
406, 1763488900.541211, 0.003115495, -3.091290474, 3.094857216, 1.552983205, -0.005594293, -1.563088894, 0.960009308, 0.202677199, -5.368574330, -4.068876300, -0.193861325
407, 1763488900.567332, 0.000534296, -3.101804654, 3.114250422, 1.557910800, -0.001993616, -1.567060788, 0.959653091, 0.202777275, -5.368509909, -4.068991850, -0.193691561
408, 1763488900.596753, -0.000402292, -3.110654513, 3.133299987, 1.559137384, -0.002091050, -1.567240397, 0.961617355, 0.202908601, -5.368483800, -4.068827312, -0.193869104
409, 1763488900.62446, 0.001315991, -3.112235228, 3.136977752, 1.560056567, -0.002261480, -1.567426205, 0.962464676, 0.202970049, -5.368455853, -4.069158307, -0.194332807
410, 1763488900.657931, 0.000413895, -3.116414388, 3.138096333, 1.560096065, -0.001424511, -1.567967733, 0.960525843, 0.203247243, -5.368520499, -4.069305573, -0.194581375
411, 1763488900.685212, 0.000593265, -3.116738955, 3.137915214, 1.560440024, -0.001911402, -1.568025589, 0.959337591, 0.203358370, -5.368561324, -4.069326912, -0.194708829
412, 1763488900.7215621, 0.000571171, -3.117724578, 3.138381243, 1.560409546, -0.001801848, -1.568351269, 0.941371409, 0.203437257, -5.368607296, -4.069280289, -0.194753925
413, 1763488900.7490401, 0.000652313, -3.118213813, 3.138549089, 1.560418725, -0.001920581, -1.568324089, 0.901426544, 0.203461827, -5.368644074, -4.069356993, -0.194669683
414, 1763488900.771107, 0.000595808, -3.118181785, 3.138429165, 1.560516119, -0.001893242, -1.568275293, 0.833719432, 0.203441285, -5.368657773, -4.069394232, -0.194597409
415, 1763488900.7945778, 0.000738382, -3.118558009, 3.138525089, 1.560485721, -0.001899322, -1.568278313, 0.750985133, 0.203429659, -5.368632954, -4.069393105, -0.194613141
416, 1763488900.8264802, 0.000706355, -3.118565400, 3.138517141, 1.560516119, -0.001911481, -1.568269253, 0.651164856, 0.203404360, -5.368584424, -4.069445410, -0.194709262
417, 1763488900.848991, 0.000689109, -3.118676106, 3.138519843, 1.560497920, -0.001923720, -1.568284353, 0.542009214, 0.203399705, -5.368539631, -4.069488755, -0.194803015
418, 1763488900.87318, 0.000740846, -3.118584951, 3.138543765, 1.560488780, -0.001908422, -1.568293413, 0.423747063, 0.203387126, -5.368490447, -4.069511663, -0.194819885
419, 1763488900.896845, 0.000684182, -3.118584951, 3.138581038, 1.560491800, -0.001926661, -1.568296591, 0.336458124, 0.203391181, -5.368454092, -4.069537252, -0.194770507
420, 1763488900.9262679, 0.000718594, -3.118587573, 3.138562441, 1.560497880, -0.001920541, -1.568299611, 0.234831409, 0.203402374, -5.368412194, -4.069593870, -0.194668694
421, 1763488900.9554272, 0.000723600, -3.118575255, 3.138578335, 1.560503999, -0.001917521, -1.568290393, 0.149448214, 0.203404460, -5.368393636, -4.069662525, -0.194607891
422, 1763488900.975334, 0.000701507, -3.118592342, 3.138581038, 1.560497920, -0.001908461, -1.568308830, 0.083283087, 0.203406218, -5.368375428, -4.069735764, -0.194620562
423, 1763488901.000641, 0.000703971, -3.118587414, 3.138570388, 1.560507019, -0.001905441, -1.568284353, 0.046126922, 0.203404728, -5.368349500, -4.069826987, -0.194655732
424, 1763488901.031743, 0.000723600, -3.118558089, 3.138615608, 1.560497880, -0.001929720, -1.568293571, 0.026903848, 0.203392602, -5.368320076, -4.069981907, -0.194694295
425, 1763488901.060044, 0.000701507, -3.118604740, 3.138588985, 1.560510079, -0.001941840, -1.568278472, 0.025590897, 0.203386727, -5.368321617, -4.070124148, -0.194767703
426, 1763488901.0860748, 0.000718753, -3.118624449, 3.138602336, 1.560519179, -0.001893202, -1.568296750, 0.025873363, 0.203385510, -5.368302934, -4.070237503, -0.194763731
427, 1763488901.123647, 0.000689109, -3.118609667, 3.138604959, 1.560507059, -0.001923641, -1.568302631, 0.025931835, 0.203384282, -5.368279435, -4.070298206, -0.194726361
428, 1763488901.1536021, 0.000725985, -3.118631760, 3.138599634, 1.560525258, -0.001914501, -1.568296591, 0.026000520, 0.203351045, -5.368320029, -4.070337851, -0.194691309
429, 1763488901.1760142, 0.000686725, -3.118604581, 3.138599634, 1.560513099, -0.001938899, -1.568287373, 0.026008209, 0.203357571, -5.368280130, -4.070386072, -0.194693360
430, 1763488901.204821, 0.000721057, -3.118621985, 3.138602257, 1.560543497, -0.001899362, -1.568290552, 0.026064157, 0.203319692, -5.368326410, -4.070436907, -0.194707584
431, 1763488901.233145, 0.000676950, -3.118616978, 3.138604959, 1.560522199, -0.001935879, -1.568296432, 0.026074370, 0.203303032, -5.368265947, -4.070486498, -0.194698610
432, 1763488901.258572, 0.000706355, -3.118614594, 3.138610363, 1.560534398, -0.001908382, -1.568287373, 0.026081979, 0.203291451, -5.368254609, -4.070519844, -0.194659426
433, 1763488901.3018482, 0.000716289, -3.118619521, 3.138612986, 1.560528318, -0.001917521, -1.568302790, 0.026089629, 0.203277892, -5.368208032, -4.070544444, -0.194580117
434, 1763488901.3342001, 0.000721137, -3.118614435, 3.138612986, 1.560525258, -0.001923641, -1.568281333, 0.026079456, 0.203269401, -5.368168968, -4.070568849, -0.194519694
435, 1763488901.360846, 0.000696580, -3.118616978, 3.138610284, 1.560516159, -0.001941840, -1.568293571, 0.026084542, 0.203268194, -5.368113735, -4.070585864, -0.194512391
436, 1763488901.389204, 0.000718594, -3.118626912, 3.138620933, 1.560522238, -0.001914501, -1.568302631, 0.026081979, 0.203258519, -5.368111697, -4.070606493, -0.194521110
437, 1763488901.4152691, 0.000696580, -3.118619521, 3.138618310, 1.560534398, -0.001908461, -1.568290393, 0.026087066, 0.203258058, -5.368078800, -4.070616837, -0.194497432
438, 1763488901.44335, 0.000713666, -3.118612051, 3.138623635, 1.560537418, -0.001923641, -1.568299611, 0.026087066, 0.203280433, -5.368035025, -4.070635785, -0.194461157
439, 1763488901.4703581, 0.000699043, -3.118612051, 3.138623635, 1.560525298, -0.001917521, -1.568302790, 0.026069283, 0.203270756, -5.368022468, -4.070648697, -0.194399031
440, 1763488901.493035, 0.000713666, -3.118617137, 3.138626337, 1.560525258, -0.001926661, -1.568299611, 0.026069283, 0.203272303, -5.367986754, -4.070660694, -0.194384805
441, 1763488901.522062, 0.000701507, -3.118621906, 3.138628960, 1.560540477, -0.001911481, -1.568287532, 0.026081979, 0.203268837, -5.367978912, -4.070667964, -0.194388555
442, 1763488901.550547, 0.000701507, -3.118621906, 3.138631582, 1.560531338, -0.001911441, -1.568281333, 0.026084542, 0.203253749, -5.367949748, -4.070681905, -0.194387965
443, 1763488901.573005, 0.000706355, -3.118621906, 3.138626337, 1.560531338, -0.001917521, -1.568272273, 0.026071807, 0.203256433, -5.367938285, -4.070689575, -0.194409168
444, 1763488901.5989408, 0.000699043, -3.118622065, 3.138631582, 1.560528278, -0.001920700, -1.568293571, 0.026076893, 0.203256542, -5.367938420, -4.070695722, -0.194411529
445, 1763488901.624136, 0.000699043, -3.118622065, 3.138634284, 1.560537418, -0.001926661, -1.568299611, 0.026071807, 0.203262324, -5.367917239, -4.070701786, -0.194388856
446, 1763488901.6599941, 0.000711203, -3.118619521, 3.138634284, 1.560537418, -0.001908382, -1.568293413, 0.026079456, 0.203266270, -5.367921254, -4.070703997, -0.194387494
447, 1763488901.698585, 0.000703891, -3.118624369, 3.138636907, 1.560525258, -0.001923720, -1.568293413, 0.026071807, 0.203276556, -5.367910101, -4.070712811, -0.194432591
448, 1763488901.7229261, 0.000699043, -3.118619521, 3.138634205, 1.560528278, -0.001911561, -1.568287373, 0.026084542, 0.203281943, -5.367915398, -4.070715091, -0.194471241
449, 1763488901.749962, 0.000708739, -3.118621906, 3.138644934, 1.560531338, -0.001917521, -1.568287532, 0.026084542, 0.203284776, -5.367899309, -4.070717472, -0.194488200
450, 1763488901.771498, 0.000703812, -3.118626833, 3.138636907, 1.560534358, -0.001917521, -1.568281333, 0.026069244, 0.203291603, -5.367906252, -4.070716618, -0.194473624
451, 1763488901.7965581, 0.000706275, -3.118616978, 3.138644934, 1.560543497, -0.001908461, -1.568290393, 0.026071846, 0.203295680, -5.367895204, -4.070719316, -0.194447345
452, 1763488901.817813, 0.000708739, -3.118626753, 3.138639609, 1.560537418, -0.001917601, -1.568284353, 0.026069244, 0.203303179, -5.367880772, -4.070722587, -0.194432169
453, 1763488901.84308, 0.000701427, -3.118624449, 3.138644934, 1.560531378, -0.001929760, -1.568284353, 0.026069244, 0.203305913, -5.367886310, -4.070720049, -0.194445095
454, 1763488901.8695412, 0.000721057, -3.118634065, 3.138642311, 1.560531338, -0.001914581, -1.568302790, 0.026069283, 0.203304551, -5.367877253, -4.070724032, -0.194456498
455, 1763488901.898763, 0.000716130, -3.118626833, 3.138639609, 1.560522238, -0.001908461, -1.568281333, 0.026076893, 0.203312378, -5.367875387, -4.070727684, -0.194450109
456, 1763488901.9288168, 0.000703891, -3.118634144, 3.138650179, 1.560534398, -0.001905362, -1.568296591, 0.026066720, 0.203312081, -5.367866312, -4.070725195, -0.194427570
457, 1763488901.954009, 0.000706275, -3.118626833, 3.138644934, 1.560537418, -0.001908461, -1.568293413, 0.026081979, 0.203319928, -5.367858784, -4.070728424, -0.194400896
458, 1763488901.9772632, 0.000711203, -3.118634144, 3.138650258, 1.560528278, -0.001902421, -1.568290552, 0.026069244, 0.203319533, -5.367865683, -4.070727742, -0.194393678
459, 1763488902.0062132, 0.000711203, -3.118626833, 3.138647556, 1.560522238, -0.001914581, -1.568290393, 0.026066720, 0.203323034, -5.367858693, -4.070729814, -0.194404778
460, 1763488902.030941, 0.000706275, -3.118629297, 3.138647556, 1.560537418, -0.001920541, -1.568281492, 0.026071807, 0.203342836, -5.367858420, -4.070731347, -0.194409689
461, 1763488902.0601332, 0.000699043, -3.118638913, 3.138650258, 1.560534398, -0.001911561, -1.568293571, 0.026066720, 0.203352044, -5.367859720, -4.070730345, -0.194429228
462, 1763488902.084409, 0.000703891, -3.118636688, 3.138647556, 1.560540477, -0.001914501, -1.568299770, 0.026066681, 0.203361972, -5.367856059, -4.070730883, -0.194427439
463, 1763488902.1076531, 0.000718594, -3.118639072, 3.138647556, 1.560534398, -0.001911521, -1.568293413, 0.026061634, 0.203364002, -5.367859094, -4.070729342, -0.194419120
464, 1763488902.155923, 0.000706275, -3.118631681, 3.138655583, 1.560528278, -0.001914501, -1.568290552, 0.026074370, 0.203370981, -5.367861770, -4.070730262, -0.194409918
465, 1763488902.191892, 0.000694116, -3.118646463, 3.138650258, 1.560522199, -0.001905362, -1.568284512, 0.026066720, 0.203372271, -5.367862150, -4.070730535, -0.194406975
466, 1763488902.218097, 0.000701427, -3.118636529, 3.138650258, 1.560531338, -0.001926740, -1.568290552, 0.026064157, 0.203379645, -5.367860920, -4.070733060, -0.194410921
467, 1763488902.250528, 0.000703891, -3.118634144, 3.138660908, 1.560531338, -0.001914501, -1.568290552, 0.026074370, 0.203387403, -5.367861852, -4.070732149, -0.194417024
468, 1763488902.279695, 0.000706355, -3.118641456, 3.138658285, 1.560525298, -0.001896262, -1.568290552, 0.026069244, 0.203386825, -5.367850580, -4.070733866, -0.194423296
469, 1763488902.305852, 0.000706275, -3.118641535, 3.138663530, 1.560531338, -0.001914461, -1.568299611, 0.026079456, 0.203390011, -5.367839466, -4.070736478, -0.194412677
470, 1763488902.36052, 0.000698964, -3.118636608, 3.138663530, 1.560531338, -0.001941919, -1.568284353, 0.026069244, 0.203398270, -5.367836130, -4.070737548, -0.194413641
471, 1763488902.383342, 0.000706275, -3.118643920, 3.138668855, 1.560531378, -0.001908461, -1.568290552, 0.026069283, 0.203392947, -5.367838953, -4.070734290, -0.194413522
472, 1763488902.41269, 0.000703971, -3.118641535, 3.138663530, 1.560531338, -0.001914581, -1.568287373, 0.026061594, 0.203386873, -5.367842430, -4.070735959, -0.194422632
473, 1763488902.438398, 0.000701427, -3.118638992, 3.138660908, 1.560522238, -0.001914581, -1.568290393, 0.026061594, 0.203390227, -5.367832307, -4.070736895, -0.194417987
474, 1763488902.468679, 0.000706355, -3.118651390, 3.138666153, 1.560540438, -0.001923720, -1.568284353, 0.026069283, 0.203386015, -5.367832159, -4.070736959, -0.194434373
475, 1763488902.491088, 0.000701427, -3.118646304, 3.138666232, 1.560528278, -0.001893242, -1.568275293, 0.026071767, 0.203379167, -5.367836236, -4.070736438, -0.194444596
476, 1763488902.514299, 0.000711203, -3.118641376, 3.138671557, 1.560525258, -0.001899282, -1.568290393, 0.026064157, 0.203384361, -5.367839870, -4.070733325, -0.194433046
477, 1763488902.544561, 0.000703891, -3.118638992, 3.138666153, 1.560534358, -0.001902342, -1.568290552, 0.026066720, 0.203380811, -5.367846178, -4.070738222, -0.194446670
478, 1763488902.580031, 0.000699043, -3.118651231, 3.138666232, 1.560540438, -0.001908461, -1.568287373, 0.026061594, 0.203388277, -5.367847805, -4.070736112, -0.194436059
479, 1763488902.608973, 0.000694116, -3.118643761, 3.138668855, 1.560540477, -0.001914501, -1.568299611, 0.026056468, 0.203386725, -5.367850811, -4.070739084, -0.194437130
480, 1763488902.63147, 0.000711282, -3.118641376, 3.138668855, 1.560534398, -0.001908461, -1.568287373, 0.026056508, 0.203388358, -5.367840185, -4.070739917, -0.194430425
481, 1763488902.660342, 0.000708739, -3.118646304, 3.138668855, 1.560534358, -0.001917601, -1.568281333, 0.026061634, 0.203395579, -5.367833457, -4.070739063, -0.194425080
482, 1763488902.685688, 0.000703971, -3.118653774, 3.138676882, 1.560549577, -0.001911481, -1.568290393, 0.026056548, 0.203387192, -5.367829522, -4.070741400, -0.194440632
483, 1763488902.710742, 0.000696580, -3.118648847, 3.138674180, 1.560540477, -0.001932780, -1.568284353, 0.026064157, 0.203397652, -5.367833677, -4.070743820, -0.194432351
484, 1763488902.737557, 0.000713666, -3.118646304, 3.138674259, 1.560525298, -0.001923641, -1.568293571, 0.026064157, 0.203395227, -5.367843197, -4.070745401, -0.194445600
485, 1763488902.7691572, 0.000711203, -3.118653774, 3.138676882, 1.560531338, -0.001917601, -1.568290552, 0.026064157, 0.203402093, -5.367835157, -4.070745766, -0.194438218
486, 1763488902.796372, 0.000703891, -3.118648847, 3.138676882, 1.560534358, -0.001911402, -1.568278313, 0.026056508, 0.203407922, -5.367845365, -4.070744557, -0.194443251
487, 1763488902.820572, 0.000701427, -3.118653615, 3.138676882, 1.560528318, -0.001914541, -1.568299770, 0.026064157, 0.203395411, -5.367844043, -4.070747346, -0.194451728
488, 1763488902.843898, 0.000699043, -3.118648847, 3.138679504, 1.560531338, -0.001911561, -1.568287373, 0.026064157, 0.203399605, -5.367838845, -4.070744703, -0.194446978
489, 1763488902.871545, 0.000703891, -3.118661086, 3.138679504, 1.560537418, -0.001911481, -1.568302790, 0.026053945, 0.203395398, -5.367846423, -4.070744808, -0.194447694
490, 1763488902.892471, 0.000706355, -3.118656158, 3.138679504, 1.560534398, -0.001902342, -1.568290393, 0.026056508, 0.203394896, -5.367845395, -4.070743538, -0.194461901
491, 1763488902.915751, 0.000696659, -3.118656317, 3.138682127, 1.560531338, -0.001908461, -1.568290552, 0.026048859, 0.203394479, -5.367844662, -4.070743841, -0.194452372
492, 1763488902.9443579, 0.000711203, -3.118658543, 3.138679584, 1.560528318, -0.001908382, -1.568287373, 0.026056508, 0.203389411, -5.367854594, -4.070743306, -0.194452825
493, 1763488902.9772742, 0.000708818, -3.118651231, 3.138684829, 1.560528278, -0.001905362, -1.568299611, 0.026048899, 0.203391301, -5.367853294, -4.070742828, -0.194439567
494, 1763488903.007754, 0.000696580, -3.118651231, 3.138682127, 1.560531378, -0.001920621, -1.568284353, 0.026048859, 0.203386845, -5.367859434, -4.070745261, -0.194438245
495, 1763488903.031135, 0.000703891, -3.118658702, 3.138684829, 1.560534398, -0.001920541, -1.568305810, 0.026056508, 0.203395306, -5.367860614, -4.070742419, -0.194452633
496, 1763488903.063851, 0.000703971, -3.118653774, 3.138684829, 1.560522238, -0.001908501, -1.568296591, 0.026059031, 0.203389849, -5.367860603, -4.070744708, -0.194467200
497, 1763488903.089972, 0.000706355, -3.118666172, 3.138682127, 1.560534398, -0.001896262, -1.568290552, 0.026048899, 0.203385359, -5.367859525, -4.070746073, -0.194488005
498, 1763488903.1127942, 0.000701507, -3.118661086, 3.138687531, 1.560528318, -0.001917601, -1.568290552, 0.026061594, 0.203384460, -5.367863835, -4.070746635, -0.194484599
499, 1763488903.139136, 0.000691732, -3.118658702, 3.138684829, 1.560528318, -0.001905362, -1.568293413, 0.026059071, 0.203386924, -5.367861014, -4.070746474, -0.194485848
500, 1763488903.165217, 0.000711203, -3.118661165, 3.138684829, 1.560531338, -0.001908422, -1.568290393, 0.026053945, 0.203397236, -5.367856430, -4.070744347, -0.194491458
501, 1763488903.1916192, 0.000713666, -3.118671099, 3.138690154, 1.560537457, -0.001920621, -1.568290393, 0.026056508, 0.203393074, -5.367857287, -4.070744695, -0.194492336
502, 1763488903.2183611, 0.000708739, -3.118678490, 3.138687531, 1.560528278, -0.001920621, -1.568290393, 0.026048859, 0.203406031, -5.367861547, -4.070745260, -0.194494747
503, 1763488903.2421849, 0.000699043, -3.118668636, 3.138690233, 1.560549577, -0.001911481, -1.568312009, 0.026051382, 0.203415969, -5.367862910, -4.070742136, -0.194479015
504, 1763488903.274763, 0.000694195, -3.118668556, 3.138687531, 1.560543537, -0.001929760, -1.568287373, 0.026056508, 0.203414753, -5.367871933, -4.070743479, -0.194482607
